rtt cdf
80.0042 0.0000
80.0042 0.0050
80.0042 0.0100
80.0042 0.0150
80.0067 0.0200
80.0191 0.0250
80.0266 0.0300
80.0326 0.0350
80.0375 0.0400
80.0422 0.0450
80.0483 0.0500
80.0539 0.0550
80.0598 0.0600
80.0644 0.0650
80.0685 0.0700
80.0730 0.0750
80.0787 0.0800
80.0828 0.0850
80.0884 0.0900
80.0931 0.0950
80.0979 0.1000
80.1034 0.1050
80.1065 0.1100
80.1110 0.1150
80.1152 0.1200
80.1193 0.1250
80.1235 0.1300
80.1279 0.1350
80.1333 0.1400
80.1362 0.1450
80.1394 0.1500
80.1427 0.1550
80.1471 0.1600
80.1509 0.1650
80.1541 0.1700
80.1572 0.1750
80.1608 0.1800
80.1644 0.1850
80.1669 0.1900
80.1690 0.1950
80.1724 0.2000
80.1753 0.2050
80.1781 0.2100
80.1811 0.2150
80.1844 0.2200
80.1875 0.2250
80.1900 0.2300
80.1925 0.2350
80.1951 0.2400
80.1985 0.2450
80.2008 0.2500
80.2026 0.2550
80.2053 0.2600
80.2076 0.2650
80.2104 0.2700
80.2123 0.2750
80.2144 0.2800
80.2162 0.2850
80.2188 0.2900
80.2208 0.2950
80.2225 0.3000
80.2251 0.3050
80.2268 0.3100
80.2288 0.3150
80.2314 0.3200
80.2334 0.3250
80.2349 0.3300
80.2366 0.3350
80.2381 0.3400
80.2396 0.3450
80.2413 0.3500
80.2426 0.3550
80.2440 0.3600
80.2455 0.3650
80.2468 0.3700
80.2485 0.3750
80.2500 0.3800
80.2516 0.3850
80.2526 0.3900
80.2538 0.3950
80.2554 0.4000
80.2569 0.4050
80.2585 0.4100
80.2604 0.4150
80.2620 0.4200
80.2634 0.4250
80.2651 0.4300
80.2671 0.4350
80.2690 0.4400
80.2703 0.4450
80.2720 0.4500
80.2745 0.4550
80.2759 0.4600
80.2778 0.4650
80.2798 0.4700
80.2815 0.4750
80.2830 0.4800
80.2847 0.4850
80.2867 0.4900
80.2888 0.4950
80.2905 0.5000
80.2927 0.5050
80.2944 0.5100
80.2959 0.5150
80.2979 0.5200
80.2997 0.5250
80.3017 0.5300
80.3035 0.5350
80.3053 0.5400
80.3076 0.5450
80.3101 0.5500
80.3117 0.5550
80.3140 0.5600
80.3157 0.5650
80.3175 0.5700
80.3187 0.5750
80.3209 0.5800
80.3229 0.5850
80.3248 0.5900
80.3264 0.5950
80.3293 0.6000
80.3311 0.6050
80.3326 0.6100
80.3345 0.6150
80.3365 0.6200
80.3382 0.6250
80.3402 0.6300
80.3421 0.6350
80.3444 0.6400
80.3460 0.6450
80.3478 0.6500
80.3497 0.6550
80.3519 0.6600
80.3542 0.6650
80.3560 0.6700
80.3580 0.6750
80.3597 0.6800
80.3615 0.6850
80.3633 0.6900
80.3650 0.6950
80.3666 0.7000
80.3691 0.7050
80.3711 0.7100
80.3727 0.7150
80.3743 0.7200
80.3769 0.7250
80.3786 0.7300
80.3808 0.7350
80.3830 0.7400
80.3849 0.7450
80.3875 0.7500
80.3900 0.7550
80.3916 0.7600
80.3932 0.7650
80.3954 0.7700
80.3970 0.7750
80.3997 0.7800
80.4018 0.7850
80.4041 0.7900
80.4062 0.7950
80.4081 0.8000
80.4115 0.8050
80.4140 0.8100
80.4163 0.8150
80.4191 0.8200
80.4217 0.8250
80.4249 0.8300
80.4275 0.8350
80.4300 0.8400
80.4322 0.8450
80.4348 0.8500
80.4368 0.8550
80.4392 0.8600
80.4415 0.8650
80.4434 0.8700
80.4461 0.8750
80.4479 0.8800
80.4496 0.8850
80.4532 0.8900
80.4559 0.8950
80.4595 0.9000
80.4626 0.9050
80.4665 0.9100
80.4701 0.9150
80.4722 0.9200
80.4757 0.9250
80.4815 0.9300
80.4896 0.9350
80.4988 0.9400
80.5097 0.9450
80.5183 0.9500
80.5357 0.9550
80.5504 0.9600
80.5652 0.9650
80.5778 0.9700
80.5911 0.9750
80.6123 0.9800
80.6339 0.9850
80.6581 0.9900
80.6976 0.9950
80.8999 1.0000
