rtt cdf
20.1000 0.0000
20.1000 0.0050
20.1001 0.0100
20.1999 0.0150
20.1999 0.0200
20.2000 0.0250
20.2000 0.0300
20.2000 0.0350
20.2000 0.0400
20.2000 0.0450
20.2000 0.0500
20.2000 0.0550
20.2000 0.0600
20.2000 0.0650
20.2000 0.0700
20.2001 0.0750
20.2001 0.0800
20.2001 0.0850
20.2001 0.0900
20.2003 0.0950
20.2998 0.1000
20.2999 0.1050
20.2999 0.1100
20.2999 0.1150
20.2999 0.1200
20.2999 0.1250
20.2999 0.1300
20.2999 0.1350
20.3000 0.1400
20.3000 0.1450
20.3000 0.1500
20.3000 0.1550
20.3000 0.1600
20.3000 0.1650
20.3002 0.1700
20.3003 0.1750
20.3004 0.1800
20.3005 0.1850
20.3005 0.1900
20.3006 0.1950
20.3998 0.2000
20.3999 0.2050
20.4000 0.2100
20.4001 0.2150
20.4002 0.2200
20.4002 0.2250
20.4002 0.2300
20.4003 0.2350
20.4003 0.2400
20.4003 0.2450
20.4003 0.2500
20.4003 0.2550
20.4004 0.2600
20.4004 0.2650
20.4005 0.2700
20.4005 0.2750
20.4006 0.2800
20.4006 0.2850
20.4007 0.2900
20.4008 0.2950
20.4008 0.3000
20.4008 0.3050
20.4011 0.3100
20.4011 0.3150
20.4031 0.3200
20.4995 0.3250
20.4998 0.3300
20.4998 0.3350
20.4999 0.3400
20.5000 0.3450
20.5000 0.3500
20.5000 0.3550
20.5002 0.3600
20.5002 0.3650
20.5003 0.3700
20.5003 0.3750
20.5004 0.3800
20.5004 0.3850
20.5005 0.3900
20.5006 0.3950
20.5007 0.4000
20.5008 0.4050
20.5008 0.4100
20.5009 0.4150
20.5011 0.4200
20.5012 0.4250
20.5985 0.4300
20.5995 0.4350
20.5996 0.4400
20.5996 0.4450
20.5997 0.4500
20.5997 0.4550
20.5997 0.4600
20.6000 0.4650
20.6000 0.4700
20.6000 0.4750
20.6002 0.4800
20.6002 0.4850
20.6002 0.4900
20.6003 0.4950
20.6005 0.5000
20.6005 0.5050
20.6005 0.5100
20.6008 0.5150
20.6010 0.5200
20.6011 0.5250
20.6014 0.5300
20.6016 0.5350
20.6037 0.5400
20.6080 0.5450
20.6971 0.5500
20.6987 0.5550
20.6988 0.5600
20.6990 0.5650
20.6990 0.5700
20.6991 0.5750
20.6991 0.5800
20.6991 0.5850
20.6994 0.5900
20.6994 0.5950
20.6995 0.6000
20.6997 0.6050
20.6997 0.6100
20.6997 0.6150
20.6997 0.6200
20.7000 0.6250
20.7000 0.6300
20.7000 0.6350
20.7000 0.6400
20.7000 0.6450
20.7000 0.6500
20.7003 0.6550
20.7003 0.6600
20.7003 0.6650
20.7006 0.6700
20.7008 0.6750
20.7010 0.6800
20.7013 0.6850
20.7014 0.6900
20.7015 0.6950
20.7018 0.7000
20.7020 0.7050
20.7031 0.7100
20.7985 0.7150
20.7986 0.7200
20.7987 0.7250
20.7989 0.7300
20.7991 0.7350
20.7993 0.7400
20.7996 0.7450
20.7997 0.7500
20.7997 0.7550
20.7997 0.7600
20.7997 0.7650
20.8000 0.7700
20.8000 0.7750
20.8000 0.7800
20.8003 0.7850
20.8008 0.7900
20.8034 0.7950
20.8977 0.8000
20.8979 0.8050
20.8982 0.8100
20.8983 0.8150
20.8988 0.8200
20.8988 0.8250
20.8988 0.8300
20.8992 0.8350
20.9024 0.8400
20.9053 0.8450
20.9965 0.8500
20.9972 0.8550
20.9976 0.8600
20.9980 0.8650
20.9982 0.8700
20.9986 0.8750
20.9988 0.8800
20.9996 0.8850
21.0304 0.8900
21.0965 0.8950
21.0973 0.9000
21.0974 0.9050
21.0980 0.9100
21.0995 0.9150
21.0996 0.9200
21.1054 0.9250
21.1956 0.9300
21.1966 0.9350
21.1973 0.9400
21.1983 0.9450
21.3927 0.9500
21.3958 0.9550
21.4916 0.9600
21.4923 0.9650
21.8890 0.9700
22.0844 0.9750
22.0927 0.9800
22.1825 0.9850
22.1855 0.9900
25.1195 0.9950
32.0309 1.0000
