rtt cdf
40.1000 0.0000
40.1000 0.0050
40.1003 0.0100
40.1999 0.0150
40.2000 0.0200
40.2000 0.0250
40.2000 0.0300
40.2000 0.0350
40.2000 0.0400
40.2001 0.0450
40.2001 0.0500
40.2002 0.0550
40.2007 0.0600
40.2999 0.0650
40.2999 0.0700
40.2999 0.0750
40.2999 0.0800
40.3000 0.0850
40.3000 0.0900
40.3000 0.0950
40.3000 0.1000
40.3008 0.1050
40.4000 0.1100
40.4017 0.1150
40.4053 0.1200
40.6050 0.1250
40.7030 0.1300
40.7062 0.1350
40.7104 0.1400
40.8035 0.1450
40.8981 0.1500
40.9041 0.1550
40.9043 0.1600
41.0033 0.1650
41.0056 0.1700
41.0101 0.1750
41.0110 0.1800
41.0979 0.1850
41.0981 0.1900
41.1021 0.1950
41.1058 0.2000
41.1091 0.2050
41.1104 0.2100
41.1116 0.2150
41.1117 0.2200
41.1136 0.2250
41.1994 0.2300
41.2060 0.2350
41.2111 0.2400
41.2169 0.2450
41.2976 0.2500
41.2988 0.2550
41.3031 0.2600
41.3109 0.2650
41.3133 0.2700
41.3140 0.2750
41.3929 0.2800
41.3980 0.2850
41.4000 0.2900
41.4026 0.2950
41.4046 0.3000
41.4103 0.3050
41.4197 0.3100
41.4228 0.3150
41.4297 0.3200
41.5094 0.3250
41.5955 0.3300
41.5985 0.3350
41.6161 0.3400
41.6913 0.3450
41.6952 0.3500
41.6975 0.3550
41.7048 0.3600
41.7076 0.3650
41.7175 0.3700
41.7241 0.3750
41.7929 0.3800
41.7956 0.3850
41.7965 0.3900
41.7967 0.3950
41.8035 0.4000
41.8128 0.4050
41.8220 0.4100
41.8927 0.4150
41.8991 0.4200
41.9009 0.4250
41.9028 0.4300
41.9113 0.4350
41.9932 0.4400
41.9990 0.4450
42.0077 0.4500
42.0208 0.4550
42.0882 0.4600
42.0929 0.4650
42.0980 0.4700
42.0990 0.4750
42.1010 0.4800
42.1059 0.4850
42.1252 0.4900
42.1781 0.4950
42.1885 0.5000
42.1979 0.5050
42.1979 0.5100
42.2000 0.5150
42.2010 0.5200
42.2053 0.5250
42.2054 0.5300
42.2096 0.5350
42.2137 0.5400
42.2178 0.5450
42.2932 0.5500
42.2989 0.5550
42.3044 0.5600
42.3122 0.5650
42.3226 0.5700
42.3966 0.5750
42.3988 0.5800
42.4393 0.5850
42.4406 0.5900
42.4830 0.5950
42.4952 0.6000
42.4988 0.6050
42.5049 0.6100
42.5108 0.6150
42.5900 0.6200
42.5963 0.6250
42.5975 0.6300
42.6025 0.6350
42.6793 0.6400
42.6866 0.6450
42.6882 0.6500
42.6974 0.6550
42.7000 0.6600
42.7118 0.6650
42.7200 0.6700
42.7778 0.6750
42.7877 0.6800
42.7987 0.6850
42.8000 0.6900
42.8304 0.6950
42.8758 0.7000
42.8864 0.7050
42.8958 0.7100
42.9677 0.7150
42.9824 0.7200
42.9955 0.7250
43.0014 0.7300
43.0133 0.7350
43.0772 0.7400
43.0880 0.7450
43.0985 0.7500
43.1121 0.7550
43.1721 0.7600
43.1722 0.7650
43.1969 0.7700
43.2697 0.7750
43.2777 0.7800
43.2822 0.7850
43.3175 0.7900
43.3523 0.7950
43.3667 0.8000
43.3789 0.8050
43.3983 0.8100
43.4916 0.8150
43.5017 0.8200
43.5154 0.8250
43.5688 0.8300
43.5721 0.8350
43.5912 0.8400
43.6485 0.8450
43.6644 0.8500
43.6982 0.8550
43.7055 0.8600
43.7289 0.8650
43.7530 0.8700
43.8000 0.8750
43.8769 0.8800
43.9308 0.8850
43.9749 0.8900
43.9884 0.8950
44.0715 0.9000
44.1000 0.9050
44.1203 0.9100
44.1711 0.9150
44.2460 0.9200
44.2746 0.9250
44.3329 0.9300
44.3694 0.9350
44.4502 0.9400
44.4758 0.9450
44.5229 0.9500
44.5360 0.9550
44.6862 0.9600
44.7088 0.9650
44.9298 0.9700
45.2278 0.9750
45.4466 0.9800
45.4517 0.9850
45.7071 0.9900
45.7181 0.9950
47.4589 1.0000
