40.2
40.2
40.2
40.10000513010177
40.19992495068188
40.2
40.2
40.2
40.29987989719772
40.20007013015824
40.29988001620436
40.20005010294963
40.299895034325324
40.3
40.3
40.20008514941696
40.2
40.1000300527354
40.299710177715596
40.10006015066309
40.199929933019305
40.299890013775084
40.3
40.3
40.3
40.10034005297391
42.1781424226167
41.70408476621778
43.66396043390051
43.01004943818073
44.3694352434581
41.21692403197021
43.7530357121845
41.717501896607786
43.66444383575877
45.16174597391414
43.33079278641639
41.31332717159245
42.97512607943507
41.01010013458821
42.481536397071004
45.70712240351644
44.03595761288018
43.70549855420594
40.710357446252374
41.29626056908104
41.993164132334094
42.09895569009514
41.404743125094974
43.26969259623198
43.49660297088192
41.31401037493146
46.808205068160134
41.13161601969054
41.398067290623146
43.27016531521849
41.81284562433349
43.56878108717997
43.10747000047808
41.91134340309285
44.53925093694639
42.12519982948528
42.692253413154866
43.87686764455057
43.1120540728235
41.21112371757929
42.87581110902293
45.71808754947958
42.44063835359968
42.49877549950493
41.8060427207977
42.59003861627394
40.70623197421252
41.098003163046855
41.39796339949855
43.172075364682115
42.21060411080038
42.49636087945413
44.35869750508215
41.82201094444149
42.688221552829745
42.20531359280621
43.86772135365878
42.2178377936336
41.00585323751356
47.45888058977593
43.67359911290627
42.71179853995718
43.97424160805257
43.70551414355973
41.616451457825534
41.20238418821282
42.77777898662983
42.60250405024815
42.69867586272618
42.20536379510016
44.45018803285801
42.72441699838778
42.79865484269742
41.10908615616857
42.67927893612441
44.07151163753831
44.1
42.917144542999274
41.310882392858126
43.07330878675336
44.274600918278864
41.419716602569764
43.36673330705483
44.47576433453331
42.024555869809525
41.90091058950949
41.99904544360479
42.19788196850938
42.595009363986605
42.89582074521651
42.50488851099605
42.79592553176292
45.71532205499803
42.439273171921116
42.30111035460519
42.002899203002706
42.29673393577883
43.088047963908345
42.20958331836632
43.282170873427354
41.11156821357147
44.13740642200973
42.02080368218713
43.57214652257195
43.69819583452483
42.21557198808208
41.20602571915336
41.79479340788419
43.568948389132544
42.71166322989489
43.97487928655601
41.81967880728075
40.90361814679585
44.70879016449779
41.321912909035305
42.09187233380706
42.396569271194856
42.59752208637326
40.604951150733164
41.69130275503454
41.99710991601679
42.1978523048784
41.9028091671581
43.27774759337264
41.312522873928536
41.10101134148947
41.69500611314487
42.588883809948975
43.28866819461103
41.111678416842146
42.18845616127935
42.2
41.80348653499611
41.89908536076774
41.403532437620875
41.796466322612275
42.09695875478599
41.00503474740548
40.30080800662194
44.12025258742534
42.72002738788087
42.10587062236445
42.1
42.49516977289463
42.6974317740533
42.995524385514535
41.51126031444804
43.07735165440197
42.308948413172935
42.39882071369516
42.1030651244927
41.404637125960555
41.89546053429541
40.90432181727146
41.297603675886926
43.365912799306265
42.41240030976835
41.70562539810252
41.00326619221338
41.496433829037834
41.102084027591154
44.522923625027836
42.32582359615183
42.20104578703019
41.10575140480576
42.48297011981903
42.99266811429441
43.19687277439148
41.11040329315304
41.298781237051536
44.33286712712304
43.515377270216746
41.11287359205642
42.67927893612441
42.7
42.60125553799827
43.19066862050893
44.37429217445713
42.123269840274396
44.929822798910074
42.83036240067396
44.17108721228893
44.1020164234012
44.686151273448175
41.42281596226607
42.87907667035134
42.207306541405295
42.29888575206375
41.60526968804701
41.79829161813986
42.19576863594185
42.2
42.2
41.005613548688046
42.186175773152556
41.9026623505476
42.787729927431606
43.390097616409825
43.98842167829674
42.81647469843983
42.8
41.509353213540294
44.24213563144595
45.46767754318618
43.930807907228264
43.013289270447935
43.491568396086144
41.01214839931942
41.79286940458863
41.40264646488786
41.79646790714934
40.803518809932726
41.395992371174444
41.69754356228106
42.68661986445542
42.304391202298376
41.704844170687736
42.49024008053334
43.58068784229379
41.41424098439518
41.598491592306026
41.00267835362208
42.87263012298588
41.10990054461657
44.329850576425166
43.31753591267533
41.110898243288034
41.19941547630107
43.751491395703496
43.8
41.71686975564277
44.53596358564155
44.50221080384303
41.92358071534097
40.90412078203818
42.08818810846175
43.47718879136055
45.44656462436582
41.42679337374327
41.4
42.09285017716281
40.80497258383826
42.967684670982045
43.98054112289586
44.78096259985045
43.12665902913602
42.50713676343722
45.227809641114355
43.72887900569753
45.451749775851496
41.4297030256956
43.17215715060799
41.212017824513765
43.26673374318858
43.398345809658494
42.312222998704215
41.10639683850956
41.69521213230836
44.24597203132943
42.32262466319447
42.39882065468617
42.20212256550664
43.77023996745883
41.1135541120099
41.892710212919525
42.88636133849465
41.309914873631726
44.52662409401168
41.72412863866006
42.29324033646201
42.59625440694777
41.707635526648104
42.78522412011903
42.00771095872378
41.900935311589684
42.09795168267399
45.3129978047339
43.5324339358213
42.21373942401367
42.10103524951266
43.3788708060491
42.51084683990034
40.60527636800297
40.500215182792054
43.35226445422564
40.40532965437119
41.78797322911647
42.982406176464316
43.09848557428777
43.59124601307687
43.50171082572834
41.01101531699601
41.59545430240724
43.07722460133441
43.001426525692736
41.41032157601565
41.79666625817819
41.30313224600674
41.795561085456384
41.30300922494225
40.401717218025404
40.798522557299094
43.64853418204726
41.616129385872455
40.70298364329893
41.09786433177092
42.67888756164773
40.70606345306064
41.09806333314692
40.20067869890906
40.39968031368326
40.4
40.200160361577176
40.2
40.299894997544776
41.392888231786046
40.401657898015316
40.898054113717784
40.300542359911276
40.3
40.20008501322892
40.2
40.29987990921708
40.3
