80.3
80.3
80.10003002723899
80.29993994552201
80.3
80.3
80.3
80.3
80.20003005126603
80.29994493910527
80.3
80.399865210014
80.30003997308081
80.3
80.20002003116754
80.29995495017704
80.3
80.3
80.20003505278783
80.2
80.2
80.2
80.29993005559805
80.3
80.3
80.20001502563302
80.29996996377774
80.49977035945653
80.5
80.30007017225618
80.59937096065946
80.3000902847193
80.39988517972827
80.49986496295122
80.89842385992614
80.700710294863
80.7
80.99886171931458
80.3003516355238
80.39991003293629
80.49985999921361
80.2000451175204
81.09596740691505
80.40080796603074
80.4
80.79894136681783
80.8
80.5004655449024
80.40012508809231
80.4
80.99760630520322
80.60086180848408
80.99838325476469
81.0
80.70078119776494
80.5003402910849
80.40012510674026
80.59960047123904
80.30019552862561
80.5993558055466
80.4002403157754
80.69919118601055
80.6002200512618
80.6
80.79934077549942
80.700280162826
80.40030059079169
80.59962030261453
80.89896626956025
80.50066113333732
80.69951044153171
80.50015022061413
80.69951088140124
80.7
80.7
81.09820290510505
80.8009161409859
80.60038047635926
80.89880231542834
80.70046093129616
80.50026037502596
80.59981009430949
80.79946041365903
80.40038070581042
80.59966026992578
80.50012510674026
80.99805489106915
80.40063194137268
80.4
80.89845331766632
80.30030119041928
80.7986529179047
80.50064515821227
80.30013037202589
80.99717409615867
80.50080185945352
80.89860266165351
80.60066068252623
80.69974498155884
80.50032050058229
80.79902671128862
80.70024517114258
80.50036024601701
80.40012511942405
80.49985995015417
80.79898208052461
80.50045075226899
80.5
80.79904125518799
80.50048106371318
80.40013009638581
80.4
80.89817972996752
80.60067614834198
80.7993504823151
80.40040096872899
80.49982513192533
80.79898172556814
80.40036139222052
80.79872262990759
80.4003207276838
80.9973098644243
81.09955496954646
80.30020111643564
80.39991005544397
80.4
80.69931037687958
81.39591976613106
80.70182673850515
80.7
80.60022003826234
80.6
80.9984635954436
80.90031029595626
80.50048108906716
80.5
80.59979011066243
80.69978008067285
80.60023005083765
80.6
80.50015004037255
80.40008004542668
80.4
80.49985498750057
80.69950032271817
80.89938024504268
81.29778527225074
81.10096059439462
80.40070278685563
81.09689565253547
80.60117728010665
80.69974506244719
80.50028022570821
80.99780598018964
80.70079640120755
80.89931056826899
81.0990511362554
80.50063248049373
80.59982000976783
80.89901121150695
80.50060094345255
80.30008997828111
80.39989503970264
80.20002977998547
80.3998799270986
80.69931094971123
80.89935068724492
80.50060091259421
80.4000751581901
80.4998450327087
80.59982003885253
80.69978014671186
80.30008026909258
80.20001502113689
80.99677200632205
80.60076171634667
80.30015005622631
80.3
81.19565291194716
80.80126242633756
80.89963516347346
80.70058050754446
80.7
80.50028047846045
80.89860293925213
80.9
80.70051041104912
80.79970519401904
80.40058118225461
80.79892131171353
80.30025089126133
80.69898213138548
80.60016013096852
80.30015036912039
81.19556405576114
80.50098398938607
80.6995105633761
81.19763079960514
80.50094867399753
80.5
80.89866296165889
80.30024103674495
80.79835491321097
80.40048118561843
80.59952040082489
80.50018511472462
80.89848280243713
80.50068140088568
80.40010008672593
80.59950054754083
80.99836277466609
80.50070165288861
80.5
80.20003009192367
80.49959531378362
80.59979011066243
80.89907109571406
80.50064087640565
80.40010508123221
80.4
80.4
80.59967017699388
80.69978017971648
80.79972014525283
80.60042038760595
80.50014016896623
80.79901196258213
81.09863663963995
80.30016091742087
80.89799573145227
81.29784434557091
81.20049517998577
80.60117367832652
80.6
80.6
81.29592138916661
80.40090453561542
80.79888192238904
80.700285015413
80.79969001431344
80.99913109634497
80.90033531339273
80.9996301040928
80.40054225163537
80.79882224178543
81.09868190653951
80.60115219346815
80.4002002933976
80.49985498750057
80.40010006165897
80.4
80.49988496306301
80.40008502174435
80.89818000045173
81.29794314853015
81.10089063957608
80.9007605723856
80.50056115395049
80.89874192131892
80.50054123061894
80.6995502705999
80.50030015592361
80.59983503916031
80.40019015284997
80.4
80.79878178388446
80.20018074147036
80.39982010188668
80.89832860832712
80.9
80.9
80.3001506481457
80.69904218570083
80.9988017181562
80.60070157579754
80.6
80.4002202364619
80.2000200472064
80.79832438698172
80.60036037240071
80.89892190473017
80.50060112364248
81.09727817261296
80.40070261113411
80.59960033345241
80.99840292954877
80.90033020269054
80.4004510974514
80.99778604365859
81.0
80.30028135081886
80.59949068457564
80.40019016215082
80.69929574362973
80.7
81.0982236075091
80.90064071653308
80.50064094068314
80.5
80.40009003003784
80.59966028692176
80.40017013701637
80.69925128980238
80.7
80.40039064085151
80.4
80.69923621782016
80.50032026193703
80.5
80.40012003771592
81.2952940785365
80.70177433770007
80.40024048541498
80.69925097020423
80.50033025233044
81.09736723222946
80.40063223375303
81.09682643187084
80.70132201496278
80.7
80.50027033088692
80.5
81.09724739885492
80.80117097890543
80.50049607335004
80.7991309783191
80.40040082793183
80.49986010419497
80.40009505261288
80.30004508361938
80.20001001708867
80.49944593129595
80.20001504745322
80.2
80.29994993712342
80.3
80.20004994873996
80.29995505585829
80.2
80.2
80.2
80.29994005267737
80.20001501136575
80.29995496590276
80.10002978445584
80.2999099318055
80.20002003217071
80.2
80.2999599616776
80.200010016587
80.2
