20.3
20.3
20.100049856929697
20.199949944641155
20.299890035789
20.200049978708353
20.29991503357544
20.20006998634849
20.2
20.29990000846174
20.200069996863853
20.29991501656164
20.3
20.3
20.200054969230347
20.2
20.29992501737475
20.3
20.20006998284407
20.100025045200624
20.19993505688778
20.29991001953351
20.200069989853258
20.2
20.29987017859376
20.3
23.030183889484817
32.03085568852772
20.944738644723195
27.35137416724555
21.030402698974065
21.09954015919217
20.40108812236713
21.392741358138828
20.702004123918726
20.799680154059924
20.400640940683136
20.79870228326262
20.8
20.600460369775497
20.400270146432728
20.69904189963744
20.300300189410915
20.698663562580702
20.799675003010336
20.400620943715033
20.69904170807324
20.60023016181724
20.799270946305505
21.297254921092367
20.701834119059995
20.799660134301767
20.70025008799613
20.50030023078153
20.30021014115952
20.69872291426777
20.50037028725314
21.080742038849767
21.000453002939427
20.700781392749278
20.7
20.600235020288537
20.699720222392216
21.19730691213994
20.50119436630504
20.5
20.400175139288226
21.492287141322368
20.9024377499716
20.500841828660157
20.400165059995253
20.59946078612334
20.40032030971228
20.599590104356572
21.097408208883394
20.40112389796624
20.599740045718566
20.6
21.39481930386474
22.092748405238137
20.603704073098516
20.400350243476474
20.897856121113104
20.500741868485648
20.699380885310195
20.7
20.40048048922539
20.699101466010344
20.300580734514543
20.79852699614341
20.40068082099564
20.4
20.69914659214127
20.7
20.10009041147987
20.29980013673601
20.69878274524733
20.500450255908564
20.79892141958326
20.60055049943447
20.699670210002836
20.400525812448286
20.997248383657197
20.501002772864176
20.5
20.599735103914814
20.6
20.898801717240985
20.60078108026158
20.799310602758066
20.500645642598805
20.5
20.300189952106297
20.399855113907158
20.79848340871493
20.700305166475587
20.400315343240365
20.898180233567405
20.800315227529158
20.400501154351
20.499785258719772
20.5
20.898363022102057
21.1983223805199
20.701504159296267
20.60026009957962
20.400320277987927
20.798722213560296
20.70032494856372
20.500380552660825
20.400170026457833
20.599510417038918
20.998204097171
20.80075062751124
21.098636025785797
20.70128156155697
20.300540780046553
20.20002995298217
20.59854479957133
20.6997197392346
20.400480513311386
21.096512112798543
20.601027635565398
20.400350103564353
20.499854997978797
20.697098506310766
20.89922170172303
20.50080113793116
20.9979787789636
21.09957011929875
20.40105270456371
20.4
20.49978514100494
20.699360755280498
20.7
20.89922075632614
20.500761123911975
22.182471326527114
20.40308671742249
20.79858260164943
20.8
20.70025517995018
20.7
20.99866664126709
20.400812187597158
20.4
20.499815143237175
20.40016989871652
21.78845544399679
20.70309728413767
20.7
20.799620231745624
20.600490612119195
20.500230108437112
20.699390581651457
21.197182661507984
20.40100386747608
20.300324315706945
20.897721017678553
22.088309906220452
20.603550877900965
20.50024994427804
20.898760966636644
20.700610143547056
21.888969043706556
20.803430482354607
20.8
20.300500839114697
21.49159083153225
20.70200899593315
25.11945881896373
20.61294842861764
20.699720138357492
21.09798465176248
20.601403269396663
20.40032034220759
20.599460813091003
20.400310300669414
20.699146021613164
20.7996651892098
20.300625971360617
20.399835080439992
20.69899677134122
20.7
20.7
20.6002312847032
20.400359953771343
20.69907137550717
20.400345785183195
20.997457992705545
20.600921616053032
20.50016509287667
20.599720417944216
20.6
21.18711137147327
20.70142737522164
20.799650246352364
22.185541669429156
20.50385757639494
20.5
20.300250087697737
20.79808035746134
20.50060085344837
20.699380554999856
20.50032043858539
20.799071560100415
20.700274992934375
20.899360372909264
20.50086111840378
21.09697893599495
21.398186852447303
20.608007447020718
22.183524636175008
21.10542003113872
20.601353022347272
20.699705149749125
20.7
20.300360346152146
20.69878239251069
20.50038047681335
22.084363890104434
20.804383207264628
20.8
20.10021094952399
20.39973015283
21.195857884216373
20.702027101215425
20.7
20.79964478139981
20.70029521994184
20.50034041049782
20.40014499475944
20.89815461945791
20.400776530152665
20.20010000238669
20.996493665489893
20.400842237165566
20.499765261570783
21.097305701207617
20.401052916024984
20.599570410504572
20.500184949124087
20.59974530882199
20.998084089306083
20.501077528247016
20.400175069109363
20.699041516432423
20.200325675672445
20.499460601911114
20.69946046764235
20.79967022650483
20.8
20.50049524332454
20.798877261269322
20.400681366699278
21.195577669845264
20.701378342450557
20.60026490950515
20.6
21.097358034463213
20.70128252452816
20.300540780046553
20.3
20.996930579562935
20.700871415216994
20.799690117612286
20.500884904051937
20.59971506133335
20.898339368893602
20.998626426569153
20.70097020581328
20.60025515438093
20.69973015044351
21.395779229651488
20.601646906186193
20.40034010401077
20.89822884489988
20.999595248790335
20.601141487657756
20.699734944729478
20.600245024102982
20.898816953312565
20.400701547228348
20.997605827057388
20.400781740268588
20.599610201010954
20.40031006827465
20.499820158032108
21.986448280146984
20.905302106068458
20.700630942700514
20.500390282793898
20.400150032678024
20.69920590599232
20.998771898290276
21.099575082808197
20.80093090311924
20.600539995826004
20.6
20.6
20.8988470643404
20.800305181402784
20.600470251970123
21.196620838873184
20.60153469016813
20.998203443914733
20.20028059120471
20.29991516537985
20.3
20.3
20.100079906211576
20.199920042612163
20.299915127154303
20.200055091162756
20.2
20.2
20.2
20.2
20.2
20.2
20.2
20.2
20.2
20.299910006019466
20.200059980276862
20.29991002403729
20.200029939512643
20.2
20.2
20.29991001502928
20.3
