80.0042
80.0042
80.0042
80.0042
80.0042
80.1021
80.1626
80.2231
80.0042
80.0042
80.0042
80.0042
80.0042
80.1073
80.1678
80.2282
80.0042
80.0042
80.0042
80.0042
80.0042
80.102
80.1625
80.223
80.0435
80.104
80.1644
80.0042
80.0042
80.1072
80.1677
80.2282
80.0487
80.1091
80.1696
80.0042
80.0042
80.1269
80.1874
80.0079
80.0684
80.1289
80.1893
80.0098
80.0703
80.2306
80.3743
80.038
80.19
80.3253
80.1945
80.015
80.0755
80.4669
80.3622
80.2742
80.4096
80.3299
80.2169
80.0374
80.0979
80.2582
80.1453
80.0656
80.2009
80.1129
80.2566
80.1603
80.3123
80.4477
80.368
80.255
80.4153
80.3107
80.2227
80.3664
80.2701
80.4221
80.3174
80.2294
80.3648
80.2851
80.4217
80.1942
80.2067
80.2288
80.2413
80.2633
80.2758
80.2883
80.3104
80.3229
80.3353
80.3478
80.1107
80.1232
80.1357
80.1725
80.2105
80.2486
80.2867
80.3248
80.1229
80.1609
80.199
80.2371
80.2752
80.0624
80.1094
80.1731
80.2368
80.3005
80.3641
80.1757
80.2393
80.303
80.1267
80.1904
80.2419
80.3056
80.3693
80.1929
80.2445
80.3081
80.3718
80.4355
80.247
80.3107
80.3744
80.4381
80.2496
80.3133
80.3769
80.4406
80.2521
80.3158
80.3795
80.4432
80.2547
80.3184
80.3821
80.4457
80.2573
80.3209
80.3846
80.4483
80.2598
80.3235
80.3872
80.4509
80.2624
80.3261
80.3897
80.4534
80.2649
80.3286
80.3923
80.456
80.2675
80.3312
80.3949
80.4585
80.2701
80.3337
80.3974
80.4611
80.2726
80.3363
80.4
80.4637
80.2752
80.3389
80.4025
80.4662
80.2777
80.3414
80.4051
80.4688
80.2803
80.344
80.4077
80.4713
80.2829
80.3465
80.4102
80.4739
80.2854
80.3491
80.4128
80.4765
80.288
80.3517
80.4153
80.479
80.2905
80.3542
80.4179
80.2416
80.2931
80.3568
80.4205
80.2441
80.2957
80.3593
80.423
80.2467
80.2982
80.3619
80.4256
80.2493
80.3008
80.3645
80.4281
80.2518
80.3033
80.367
80.4307
80.2422
80.3059
80.3696
80.4333
80.2448
80.3085
80.3721
80.4358
80.2473
80.311
80.3747
80.4384
80.2499
80.3136
80.3773
80.4409
80.2525
80.3161
80.3798
80.4435
80.255
80.3187
80.3824
80.4461
80.2576
80.3213
80.3849
80.4486
80.2601
80.0838
80.3875
80.4512
80.2627
80.3264
80.3901
80.2137
80.0253
80.0889
80.1526
80.2163
80.28
80.3437
80.1552
80.2189
80.0425
80.3584
80.4221
80.2457
80.3094
80.3731
80.4368
80.2605
80.3241
80.1478
80.2115
80.2752
80.3389
80.1625
80.2384
80.3021
80.3657
80.1894
80.2531
80.3168
80.3805
80.192
80.2557
80.0793
80.383
80.2067
80.2704
80.3341
80.1577
80.2214
80.2851
80.1088
80.1725
80.2361
80.0598
80.1235
80.1872
80.2509
80.3145
80.3782
80.2019
80.2656
80.3293
80.3929
80.2166
80.5203
80.344
80.1677
80.2313
80.295
80.1187
80.1824
80.2461
80.3097
80.3734
80.4371
80.2608
80.0723
80.136
80.1997
80.5033
80.087
80.4029
80.2265
80.2902
80.3539
80.1776
80.2413
80.3049
80.3686
80.4323
80.2438
80.0675
80.1312
80.1949
80.2585
80.0822
80.0644
80.2721
80.0318
80.2401
80.2391
80.2068
80.2263
80.2266
80.0183
80.05
80.0657
80.057
80.0042
80.2076
80.0313
80.0042
80.0772
80.0042
80.0445
80.0042
80.0042
80.0042
80.2391
80.0042
80.0042
80.0042
80.0695
80.0042
80.0042
80.2325
80.0042
80.0042
80.0777
80.0042
80.0451
80.0042
80.0124
80.0042
80.0042
80.0042
80.0042
80.0042
80.0944
80.0042
80.0298
80.0042
80.0042
80.0042
80.2185
80.0042
80.07
80.0042
80.0373
80.0042
80.0245
80.0042
80.0042
80.0042
80.1193
80.0042
80.0551
80.0042
80.0042
80.1332
80.2436
80.064
80.0949
80.0702
80.0042
80.0042
80.0494
80.0651
80.0042
80.0042
80.0042
80.0042
80.3115
80.1741
80.0042
80.1581
80.0285
80.0889
80.1494
80.2099
80.0304
80.0625
80.0042
80.09
80.0042
80.0042
80.0042
80.0042
80.097
80.199
80.0528
80.3943
80.298
80.2016
80.0221
80.0826
80.1431
80.2036
80.024
80.3245
80.145
80.0042
80.0042
80.0042
80.1219
80.2316
80.0777
80.1875
80.3145
80.2348
80.2038
80.2163
80.2384
80.2572
80.2832
80.1036
80.1641
80.2246
80.0451
80.1056
80.1468
80.27
80.1192
80.4524
80.1608
80.1253
80.0994
80.0639
80.2511
80.2873
80.3509
80.4146
80.2383
80.0498
80.1135
80.1772
80.2044
80.0042
80.0042
80.0042
80.1768
80.1534
80.2866
80.173
80.044
80.2709
80.3128
80.3445
80.1816
80.2107
80.2123
80.4418
80.4037
80.0405
80.0042
80.0042
80.2017
80.3662
80.2289
80.3303
80.2097
80.0884
80.4715
80.1518
80.5105
80.4308
80.3262
80.4782
80.3652
80.2023
80.0228
80.0042
80.2266
80.0042
80.2538
80.1043
80.454
80.3244
80.2314
80.3807
80.2755
80.6508
80.3228
80.4665
80.3619
80.464
80.0444
80.0042
80.0042
80.0042
80.0098
80.0042
80.2306
80.341
80.2037
80.0658
80.2638
80.6475
80.3112
80.4549
80.3502
80.0056
80.0661
80.0042
80.0042
80.0042
80.0347
80.0042
80.1997
80.1176
80.2114
80.0734
80.4322
80.3959
80.2996
80.4432
80.3552
80.4906
80.096
80.0042
80.0042
80.2356
80.0602
80.1816
80.2246
80.1425
80.2363
80.3184
80.4372
80.3842
80.2879
80.4316
80.3436
80.4873
80.1209
80.0042
80.0478
80.0302
80.0934
80.2065
80.2412
80.0042
80.2528
80.095
80.4537
80.3042
80.5246
80.4283
80.5636
80.4673
80.3543
80.1748
80.0727
80.0468
80.3468
80.0042
80.0042
80.429
80.0377
80.3317
80.2104
80.3374
80.2046
80.4249
80.3286
80.4723
80.1276
80.1881
80.0042
80.0042
80.0042
80.2132
80.0509
80.189
80.2545
80.1172
80.2353
80.3175
80.2212
80.3648
80.2602
80.4606
80.3477
80.1765
80.0042
80.0042
80.1167
80.4582
80.0411
80.1509
80.0394
80.1504
80.2519
80.094
80.4578
80.3532
80.2652
80.4089
80.3209
80.158
80.0042
80.0042
80.1416
80.2437
80.066
80.1841
80.0042
80.1664
80.2569
80.3186
80.2261
80.1214
80.7335
80.6372
80.5409
80.1713
80.2318
80.0042
80.1665
80.0286
80.0909
80.4291
80.1058
80.1913
80.2702
80.1406
80.4628
80.3664
80.2618
80.4055
80.0692
80.1962
80.0167
80.0042
80.1914
80.0535
80.3558
80.0042
80.2596
80.4247
80.0468
80.1539
80.5126
80.6031
80.2585
80.4021
80.3058
80.1929
80.0133
80.0042
80.2163
80.0926
80.1413
80.0042
80.0362
80.2096
80.0716
80.1904
80.0774
80.5915
80.2468
80.3905
80.5342
80.4295
80.01
80.0705
80.2605
80.1175
80.1662
80.1907
80.0611
80.4546
80.0567
80.2153
80.3224
80.4494
80.4835
80.3788
80.5225
80.4262
80.0067
80.0672
80.0371
80.1424
80.1911
80.2522
80.0042
80.2626
80.3216
80.4404
80.3191
80.4544
80.4802
80.3838
80.2709
80.1829
80.2517
80.0722
80.062
80.1673
80.216
80.2782
80.0042
80.2593
80.0982
80.437
80.3157
80.4594
80.2285
80.6205
80.2759
80.4279
80.265
80.0971
80.0042
80.0042
80.2409
80.0355
80.1408
80.0359
80.3483
80.2053
80.1006
80.4561
80.1204
80.3522
80.4876
80.4162
80.03
80.0905
80.1759
80.2029
80.2426
80.0604
80.1337
80.0691
80.1397
80.447
80.3373
80.4644
80.3597
80.3495
80.4843
80.6196
80.035
80.0955
80.4292
80.2188
80.0042
80.0963
80.387
80.0824
80.1242
80.2203
80.339
80.4527
80.3564
80.2402
80.4815
80.3769
80.0156
80.0761
80.1615
80.2437
80.0042
80.1102
80.3836
80.3274
80.3692
80.457
80.3357
80.7143
80.5931
80.2401
80.2548
80.3819
80.2606
80.0811
80.4065
80.0042
80.071
80.1229
80.1819
80.1123
80.3575
80.2342
80.3407
80.7077
80.358
80.4851
80.3888
80.6102
80.2656
80.0861
80.4032
80.0336
80.0959
80.1478
80.1985
80.2711
80.2194
80.0384
80.3374
80.2327
80.3598
80.4818
80.6254
80.1269
80.254
80.0911
80.3999
80.0386
80.1208
80.0042
80.2234
80.2723
80.456
80.0743
80.574
80.2128
80.5881
80.49
80.3738
80.2608
80.2506
80.3361
80.4049
80.2836
80.3658
80.1893
80.229
80.0706
80.461
80.3481
80.1279
80.6894
80.3531
80.2402
80.6105
80.2575
80.4873
80.0927
80.4015
80.0319
80.3907
80.2142
80.2539
80.0871
80.2266
80.3646
80.1355
80.2343
80.1297
80.2535
80.3505
80.2625
80.244
80.346
80.1781
80.0369
80.3956
80.4559
80.2577
80.1037
80.0308
80.3503
80.1687
80.4793
80.3664
80.27
80.3772
80.2675
80.1628
80.111
80.1715
80.5136
80.1523
80.2414
80.2627
80.1286
80.0557
80.347
80.1743
80.2366
80.5947
80.2418
80.6139
80.2609
80.6478
80.0299
80.0904
80.2985
80.6373
80.2657
80.2677
80.1336
80.0806
80.1402
80.4386
80.0126
80.3309
80.2468
80.3738
80.0375
80.3929
80.0483
80.1088
80.2108
80.394
80.2727
80.0642
80.1469
80.1055
80.6086
80.4757
80.0458
80.3359
80.4546
80.1017
80.2741
80.4101
80.3138
80.1426
80.0047
80.3823
80.2694
80.3175
80.3797
80.1304
80.1541
80.2606
80.2908
80.3243
80.4596
80.3467
80.2625
80.4062
80.3099
80.1553
80.0174
80.1479
80.2744
80.094
80.1563
80.2385
80.41
80.2573
80.1277
80.138
80.2362
80.1316
80.487
80.4028
80.5465
80.392
80.0057
80.1078
80.2348
80.1219
80.3897
80.2435
80.3372
80.254
80.3727
80.1346
80.2412
80.3849
80.2437
80.619
80.5349
80.397
80.019
80.1211
80.2482
80.1352
80.4229
80.04
80.3339
80.0388
80.3777
80.2647
80.4746
80.3815
80.2852
80.4289
80.0759
80.1947
80.2801
80.1422
80.0209
80.1563
80.275
80.0649
80.1271
80.5155
80.1427
80.2697
80.0323
80.3865
80.2736
80.4256
80.3209
80.1996
80.2851
80.1472
80.0259
80.4012
80.28
80.1337
80.3721
80.061
80.3806
80.283
80.2965
80.4126
80.5269
80.4139
80.5493
80.2046
80.0418
80.1522
80.2709
80.6379
80.285
80.1387
80.2325
80.3253
80.3772
80.496
80.3099
80.4369
80.2836
80.4189
80.2976
80.433
80.0551
80.1655
80.2759
80.4029
80.0333
80.1354
80.2292
80.3585
80.1897
80.261
80.2982
80.4336
80.0889
80.4156
80.3142
80.2096
80.2867
80.1788
80.0492
80.1762
80.0549
80.157
80.0191
80.1295
80.4347
80.0266
80.3847
80.4386
80.3339
80.461
80.3563
80.443
80.2801
80.4071
80.2775
80.1563
80.2833
80.1454
80.2475
80.3579
80.2366
80.4943
80.1663
80.4352
80.5789
80.466
80.593
80.4967
80.065
80.1638
80.2742
80.6412
80.2883
80.407
80.2774
80.1478
80.0348
80.1536
80.2889
80.2008
80.3356
80.7026
80.5897
80.2533
80.1154
80.1688
80.5109
80.4062
80.2933
80.412
80.0424
80.4011
80.2798
80.1669
80.2939
80.4376
80.573
80.46
80.3554
80.25
80.3604
80.6455
80.5076
80.3946
80.2816
80.4087
80.2791
80.1495
80.2765
80.6436
80.5389
80.6743
80.3213
80.4567
80.1037
80.2474
80.1261
80.2365
80.0903
80.2256
80.1127
80.4137
80.2757
80.3945
80.0332
80.4002
80.2956
80.4309
80.078
80.4533
80.1087
80.2441
80.1394
80.2415
80.1202
80.2639
80.1426
80.2697
80.1317
80.2505
80.1375
80.2562
80.1433
80.7669
80.4223
80.3093
80.213
80.3401
80.2354
80.0975
80.2162
80.1116
80.2386
80.134
80.2361
80.1065
80.2335
80.1039
80.2393
80.1346
80.5183
80.1737
80.309
80.4361
80.3314
80.2018
80.3205
80.2159
80.1029
80.2383
80.3404
80.2108
80.0978
80.2082
80.1036
80.2389
80.1343
80.278
80.165
80.7804
80.1957
80.2978
80.1682
80.3119
80.1989
80.3343
80.4364
80.0668
80.1938
80.0642
80.1996
80.3349
80.2303
80.134
80.2693
80.173
80.0684
80.1871
80.2975
80.2012
80.3365
80.2236
80.3257
80.2044
80.0831
80.2018
80.3289
80.2159
80.1196
80.7433
80.1503
80.294
80.1977
80.3247
80.1951
80.3305
80.2258
80.3529
80.2233
80.3337
80.2124
80.3311
80.2265
80.3452
80.2489
80.1442
80.2879
80.1916
80.3353
80.214
80.3327
80.2197
80.3634
80.2505
80.3609
80.2313
80.11
80.2287
80.3641
80.2428
80.1465
80.2818
80.1855
80.3292
80.2245
80.1116
80.222
80.3573
80.0127
80.1397
80.2585
80.1289
80.2476
80.3663
80.2533
80.3804
80.2841
80.1961
80.3397
80.2434
80.3954
80.2825
80.1529
80.2799
80.1836
80.3106
80.181
80.0597
80.1701
80.2889
80.1676
80.0629
80.1983
80.5903
80.494
80.3977
80.3013
80.205
80.0837
80.2025
80.3461
80.2332
80.1119
80.2223
80.101
80.2197
80.3301
80.2338
80.3692
80.2729
80.1765
80.5685
80.2322
80.1359
80.0146
80.3733
80.2687
80.4041
80.2828
80.2273
80.1162
80.2247
80.3448
80.2837
80.1572
80.0756
80.2276
80.3713
80.3633
80.747
80.1457
80.2561
80.1598
80.0468
80.1655
80.2843
80.3427
80.0102
80.3318
80.2406
80.3638
80.2675
80.696
80.368
80.5116
80.2553
80.3907
80.2528
80.3964
80.2918
80.1705
80.2809
80.408
80.2386
80.365
80.2354
80.1391
80.0428
80.6581
80.3218
80.2255
80.3692
80.2812
80.3833
80.2786
80.174
80.0693
80.4197
80.3068
80.2436
80.1416
80.2404
80.3841
80.2795
80.4148
80.3102
80.4705
80.3659
80.2695
80.3883
80.2836
80.419
80.3143
80.4164
80.3035
80.4388
80.0042
80.2454
80.3924
80.2844
80.4198
80.3152
80.4672
80.3625
80.2662
80.1449
80.2803
80.2006
80.3443
80.2064
80.3334
80.2288
80.1158
80.4821
80.3973
80.5128
80.1848
80.0802
80.4638
80.3675
80.2462
80.3816
80.2686
80.4123
80.3326
80.2114
80.3301
80.4738
80.3608
80.0276
80.3774
80.5012
80.6532
80.3085
80.4522
80.3559
80.2596
80.1549
80.282
80.194
80.3376
80.4647
80.1034
80.2388
80.1258
80.2445
80.3824
80.03
80.4015
80.3052
80.4405
80.3442
80.2479
80.3916
80.2786
80.4223
80.326
80.213
80.0917
80.2354
80.3541
80.2412
80.3682
80.2553
80.3989
80.5426
80.678
80.3333
80.4853
80.389
80.0527
80.2047
80.1084
80.2437
80.1225
80.2578
80.1365
80.0236
80.1506
80.2777
80.1813
80.0684
80.2121
80.1157
80.2594
80.1548
80.0668
80.2188
80.1141
80.0261
80.1449
80.0319
80.1589
80.046
80.1647
80.0601
80.2037
80.0908
80.2345
80.1298
80.0335
80.1855
80.0892
80.4812
80.1365
80.0485
80.1756
80.0626
80.1897
80.0767
80.1954
80.0908
80.4661
80.1215
80.5052
80.1605
80.0642
80.2162
80.1116
80.2636
80.1589
80.0709
80.2063
80.0933
80.2204
80.1074
80.2261
80.1132
80.0169
80.1689
80.0725
80.2079
80.1116
80.2469
80.1673
80.0626
80.2146
80.1183
80.262
80.149
80.2761
80.1631
80.2901
80.1772
80.0725
80.2162
80.1116
80.2719
80.1756
80.0626
80.4463
80.11
80.2537
80.1657
80.0693
80.2047
80.1001
80.2271
80.1058
80.4729
80.1365
80.2719
80.1756
80.0876
80.2396
80.3666
80.2703
80.174
80.0777
80.2297
80.1333
80.2687
80.1641
80.5311
80.1698
80.2969
80.1922
80.0959
80.2396
80.1516
80.2953
80.1823
80.0943
80.478
80.3817
80.2937
80.4373
80.1886
80.4116
80.2795
80.4398
80.0785
80.4539
80.3575
80.2612
80.4049
80.3086
80.2123
80.3476
80.243
80.4532
80.1706
80.3297
80.4252
80.6496
80.2884
80.1849
80.3286
80.4473
80.3593
80.263
80.4067
80.5504
80.7024
80.3577
80.2531
80.3968
80.262
80.1247
80.4745
80.3699
80.4803
80.4216
80.3253
80.4357
80.3477
80.2514
80.395
80.2987
80.4507
80.3544
80.2414
80.6334
80.2888
80.3608
80.4712
80.5899
80.2286
80.3723
80.2677
80.1464
80.2901
80.4338
80.6234
80.5271
80.4224
80.5744
80.2298
80.3735
80.2772
80.4208
80.0518
80.1789
80.3053
80.369
80.041
80.168
80.2951
80.2071
80.3424
80.2461
80.6298
80.5418
80.4455
80.3408
80.2528
80.3965
80.2919
80.4399
80.3186
80.3573
80.5093
80.413
80.2751
80.6754
80.3391
80.4828
80.3948
80.2901
80.4338
80.3458
80.4812
80.3932
80.2969
80.4156
80.2943
80.4463
80.35
80.237
80.2718
80.6638
80.5591
80.4711
80.3748
80.2702
80.4222
80.3259
80.2212
80.3732
80.2769
80.4206
80.3159
80.4513
80.6033
80.507
80.1457
80.6521
80.5475
80.4595
80.3548
80.2585
80.4188
80.5542
80.4662
80.3699
80.2736
80.4256
80.3209
80.4646
80.3766
80.272
80.184
80.311
80.2147
80.5984
80.262
80.4057
80.3094
80.6931
80.3484
80.2688
80.1558
80.3161
80.2198
80.5952
80.2755
80.1708
80.7945
80.2265
80.3619
80.2739
80.4176
80.3129
80.2166
80.6086
80.2723
80.176
80.3196
80.2316
80.367
80.279
80.6627
80.3264
80.23
80.3737
80.2857
80.1811
80.3248
80.2368
80.3804
80.2841
80.1878
80.5798
80.2435
80.6355
80.2908
80.2028
80.3382
80.4902
80.6339
80.2892
80.4412
80.3449
80.2569
80.4006
80.5443
80.208
80.3516
80.2636
80.399
80.3193
80.2064
80.3667
80.502
80.174
80.3177
80.2214
80.3734
80.2688
80.1808
80.3244
80.2281
80.3801
80.2755
80.1875
80.3312
80.2348
80.3785
80.2905
80.1859
80.3379
80.2416
80.3852
80.2972
80.1926
80.3529
80.24
80.4003
80.2956
80.2076
80.3513
80.255
80.407
80.3024
80.2144
80.3497
80.27
80.4054
80.3174
80.2128
80.3648
80.2684
80.1721
80.3241
80.2195
80.3798
80.2668
80.1872
80.3225
80.2345
80.3782
80.2819
80.1856
80.3292
80.2412
80.1366
80.2969
80.184
80.1043
80.2313
80.3916
80.3906
80.3449
80.5237
80.0337
80.4795
80.1995
80.3957
80.1329
80.3246
80.0619
80.2485
80.4574
80.413
80.3518
80.2638
80.1592
80.3195
80.3653
80.0827
80.2526
80.429
80.108
80.0341
80.4133
80.0686
80.4274
80.1064
80.2891
80.2177
80.3909
80.2779
80.4382
80.3336
80.4907
80.4027
80.3064
80.4334
80.5522
80.4558
80.3346
80.4699
80.357
80.269
80.1726
80.3163
80.2283
80.3637
80.0357
80.411
80.0914
80.2267
80.1387
80.2491
80.3762
80.0321
80.3902
80.0539
80.396
80.3246
80.4517
80.3637
80.259
80.411
80.3147
80.4584
80.3704
80.2658
80.4261
80.3131
80.2251
80.1044
80.2315
80.3579
80.2366
80.397
80.284
80.4443
80.3314
80.2517
80.387
80.299
80.4427
80.3464
80.4901
80.3938
80.3058
80.2017
80.3198
80.2075
80.0945
80.461
80.3646
80.2683
80.412
80.324
80.2194
80.3797
80.2667
80.427
80.3224
80.4744
80.3781
80.2818
80.1694
80.2875
80.1995
80.5499
80.4702
80.3656
80.2776
80.1909
80.1598
80.3989
80.38
80.3694
80.3602
80.1096
80.0907
80.3202
80.0696
80.1704
80.2968
80.2165
80.2059
80.4366
80.1861
80.1672
80.3966
80.1352
80.0581
80.2018
80.1054
80.2574
80.1445
80.2382
80.0837
80.1608
80.3333
80.4686
80.3557
80.7477
80.4114
80.5467
80.4587
80.3541
80.0344
80.4098
80.0818
80.4654
80.6091
80.0078
80.085
80.1787
80.0599
80.4736
80.3607
80.041
80.4164
80.0884
80.472
80.1357
80.2794
80.4231
80.0951
80.4704
80.1508
80.0461
80.1399
80.4653
80.3357
80.4249
80.3369
80.4722
80.3842
80.2879
80.4399
80.3353
80.2473
80.3909
80.2946
80.4466
80.342
80.254
80.1577
80.2431
80.1052
80.1905
80.5652
80.4689
80.6126
80.2763
80.8999
80.3319
80.4673
80.3793
80.2747
80.4267
80.3303
80.474
80.3777
80.4881
80.1102
80.2455
80.3052
80.4489
80.5843
80.488
80.3916
80.3036
80.4473
80.591
80.4947
80.4067
80.542
80.454
80.366
80.0214
80.1235
80.2505
80.3942
80.429
80.3326
80.7163
80.62
80.2754
80.4274
80.5794
80.2347
80.3867
80.2904
80.4424
80.3461
80.2498
80.1368
80.0322
80.4158
80.0629
80.4466
80.4564
80.8484
80.2637
80.4074
80.3194
80.4631
80.3668
80.2704
80.4141
80.5661
80.2215
80.3652
80.2772
80.4208
80.0679
80.2199
80.1152
80.5156
80.1626
80.0829
80.2183
80.1303
80.0256
80.1776
80.0813
80.225
80.137
80.0407
80.1927
80.088
80.24
80.1437
80.2791
80.1911
80.3348
80.2384
80.1504
80.0458
80.1978
80.1015
80.2535
80.1488
80.0525
80.1962
80.1082
80.2519
80.4039
80.2992
80.2196
80.1066
80.2669
80.1623
80.0743
80.218
80.3616
80.0253
80.169
80.081
80.2247
80.1367
80.0404
80.184
80.0794
80.2314
80.1351
80.0388
80.1908
80.0861
80.2464
80.1335
80.2938
80.1892
80.1012
80.2448
80.1485
80.0439
80.2042
80.0996
80.2516
80.1552
80.0685
80.2436
80.1703
80.3453
80.2804
80.2071
80.3821
80.5572
80.2439
80.1885
80.1152
80.312
80.4935
80.1802
80.3552
80.2954
80.2394
80.1808
80.114
80.2954
80.2368
80.417
80.5837
80.0388
80.2138
80.3492
80.2279
80.1367
80.0794
80.264
80.4391
80.3632
80.2669
80.1706
80.3143
80.2263
80.37
80.2736
80.1773
80.3293
80.2247
80.3767
80.0404
80.1674
80.0711
80.2148
80.5984
80.2538
80.4058
80.3095
80.2132
80.3652
80.2605
80.1725
80.3162
80.2199
80.3636
80.2756
80.1792
80.8029
80.2183
80.3786
80.274
80.1776
80.5696
80.2333
80.377
80.289
80.1844
80.3364
80.2317
80.392
80.2874
80.1994
80.3431
80.4868
80.3988
80.3024
80.2061
80.3498
80.2618
80.4055
80.5492
80.2128
80.3565
80.5085
80.1639
80.3159
80.2112
80.3632
80.2669
80.1706
80.3143
80.4663
80.37
80.2736
80.1773
80.561
80.233
80.3767
80.2804
80.184
80.336
80.2314
80.6234
80.2871
80.4308
80.3428
80.2381
80.3901
80.5338
80.1975
80.3412
80.4932
80.4199
80.3549
80.2816
80.2167
80.1517
80.0784
80.2535
80.1885
80.3636
80.2903
80.2253
80.1616
80.0967
80.2717
80.2023
80.1437
80.3252
80.2583
80.4384
80.1335
80.0602
80.2448
80.1703
80.314
80.201
80.0797
80.2452
80.1802
80.3482
80.2916
80.2087
80.1207
80.2644
80.168
80.32
80.2154
80.1274
80.2628
80.1831
80.3184
80.2221
80.1008
80.2445
80.3882
80.2836
80.4356
80.3309
80.2512
80.3866
80.2986
80.4423
80.346
80.498
80.3933
80.5453
80.209
80.3527
80.2564
80.4
80.2954
80.1908
80.3344
80.2464
80.1418
80.3021
80.1975
80.1095
80.2448
80.1568
80.2922
80.2042
80.2018
80.3679
80.0636
80.4684
80.1653
80.3109
80.3324
80.2444
80.3881
80.2918
80.1955
80.0992
80.2512
80.6265
80.3068
80.4339
80.3542
80.366
80.2613
80.4433
80.3303
80.2507
80.3125
80.4651
80.3604
80.5124
80.4161
80.3198
80.4718
80.3672
80.2792
80.4145
80.5748
80.2385
80.3566
80.2603
80.4123
80.076
80.4597
80.4445
80.3399
80.2519
80.6356
80.2992
80.4429
80.3549
80.4903
80.4023
80.306
80.4496
80.3622
80.2659
80.4096
80.3133
80.2253
80.344
80.256
80.3914
80.3117
80.447
80.359
80.4944
80.4064
80.3101
80.4538
80.3658
80.2611
80.1731
80.3168
80.2288
80.3642
80.0362
80.3949
80.2986
80.4422
80.3542
80.2496
80.4016
80.3053
80.449
80.361
80.2563
80.4083
80.552
80.464
80.3594
80.2714
80.4067
80.327
80.4624
80.3744
80.5098
80.4218
80.5738
80.4691
80.3811
80.2765
80.4368
80.3405
80.2358
80.3878
80.2832
80.4352
80.3389
80.4826
80.3946
80.2899
80.2102
80.3373
80.0176
80.393
80.305
80.4486
80.3523
80.2643
80.3997
80.3034
80.2237
80.3507
80.271
80.4064
80.3184
80.4621
80.3658
80.2694
80.4131
80.3251
80.4605
80.3808
80.2678
80.4282
80.3235
80.4672
80.3875
80.2746
80.1949
80.3302
80.2422
80.3859
80.2896
80.2016
80.337
80.249
80.3843
80.3046
80.44
80.352
80.4874
80.3994
80.303
80.4467
80.3587
80.2541
80.4061
80.3098
80.4534
80.3654
80.2608
80.4128
80.3165
80.4685
80.3638
80.2758
80.4195
80.5549
80.4752
80.3706
80.2826
80.4262
80.3299
80.2419
80.3773
80.2893
80.4246
80.345
80.232
80.3923
80.2877
80.4397
80.3517
80.247
80.399
80.2944
80.4464
80.3501
80.2538
80.4058
80.3011
80.2131
80.1085
80.2605
80.1642
80.2976
80.2422
80.6477
80.3139
80.2682
80.4278
80.3834
80.2704
80.6707
80.3261
80.2381
80.1334
80.0454
80.4291
80.3328
80.2365
80.3802
80.0701
80.4397
80.3556
80.3014
80.2384
80.3949
80.3069
80.4506
80.3542
80.2579
80.4016
80.3136
80.449
80.3693
80.2563
80.4166
80.3133
80.4486
80.3523
80.256
80.3997
80.3117
80.2154
80.359
80.2627
80.4064
80.3184
80.4538
80.3741
80.2611
80.4214
80.3168
80.2288
80.3558
80.2595
80.1715
80.3152
80.2189
80.3626
80.2662
80.4099
80.0819
80.4656
80.3776
80.513
80.185
80.3203
80.4723
80.136
80.0397
80.1917
80.327
80.239
80.1427
80.2864
80.1901
80.1021
80.2458
80.1494
80.2931
80.2051
80.5888
80.2525
80.3962
80.0598
80.2118
80.3472
80.0192
80.1629
80.3149
80.2102
80.3622
80.0176
80.1779
80.305
80.2253
80.3606
80.0326
80.1763
80.08
80.232
80.3674
80.0394
80.4147
80.3184
80.4704
80.1424
80.2778
80.1898
80.5734
80.2454
80.3808
80.0528
80.1965
80.3402
80.2522
80.3875
80.0595
80.4349
80.3469
80.2589
80.3942
80.0662
80.4499
80.1136
80.2573
80.161
80.073
80.4483
80.3686
80.2557
80.176
80.3114
80.2234
80.367
80.0307
80.4144
80.0864
80.4701
80.1338
80.2858
80.1811
80.0931
80.4685
80.1488
80.2758
80.1962
80.3315
80.2435
80.3955
80.0509
80.4429
80.0982
80.2419
80.1539
80.2976
80.2013
80.1133
80.2486
80.1606
80.3043
80.2163
80.3517
80.0237
80.4074
80.311
80.223
80.3584
80.2704
80.4224
80.3178
80.2214
80.3651
80.2771
80.1725
80.3245
80.2282
80.3718
80.0355
80.432
80.3658
80.5338
80.4784
80.3821
80.2858
80.1894
80.3331
80.2451
80.3805
80.0634
80.2928
80.2822
80.2634
80.2624
80.2435
80.233
80.2237
80.2131
80.0202
80.2689
80.25
80.4903
80.2397
80.2305
80.4599
80.2106
80.1917
80.3969
80.3005
80.4442
80.3562
80.2516
80.3537
80.1991
80.0362
80.1217
80.257
80.423
80.5667
80.2303
80.134
80.526
80.1814
80.3417
80.2371
80.1491
80.5244
80.1964
80.3151
80.4006
80.246
80.3315
80.4585
80.3539
80.2659
80.4012
80.3132
80.2086
80.3606
80.2643
80.4079
80.5683
80.2153
80.3756
80.031
80.1247
80.2102
80.0473
80.406
80.3014
80.2134
80.3571
80.2607
80.4044
80.3164
80.2118
80.3638
80.2675
80.4195
80.3148
80.2268
80.1139
80.2076
80.0447
80.6268
80.2739
80.6659
80.5695
80.2332
80.3769
80.2889
80.4326
80.5763
80.2399
80.3836
80.2956
80.4393
80.343
80.4367
80.0422
80.3843
80.5113
80.415
80.3187
80.4623
80.3743
80.2697
80.4217
80.3254
80.4691
80.3811
80.2764
80.4284
80.3321
80.2191
80.0646
80.1583
80.0537
80.4374
80.3411
80.4847
80.1484
80.2921
80.4441
80.0995
80.2515
80.3951
80.0588
80.4508
80.1062
80.2665
80.1119
80.2057
80.0927
80.4764
80.1318
80.2755
80.1791
80.0828
80.2348
80.1302
80.0422
80.1859
80.0895
80.2415
80.1369
80.0489
80.3993
80.2531
80.3718
80.5155
80.1708
80.0745
80.2182
80.1302
80.2739
80.1859
80.0812
80.2332
80.1369
80.2806
80.1926
80.0879
80.2316
80.0854
80.2124
80.0995
80.2431
80.3785
80.2905
80.1859
80.0979
80.2606
80.2276
80.4251
80.3845
80.2977
80.2014
80.1051
80.2404
80.1275
80.2545
80.1416
80.5419
80.1972
80.1092
80.2446
80.3966
80.3003
80.4534
80.3834
80.1212
80.2861
80.1898
80.3418
80.2371
80.3725
80.2512
80.3866
80.2986
80.4422
80.3459
80.4896
80.3933
80.297
80.1763
80.2784
80.1404
80.071
80.6581
80.3135
80.4572
80.3525
80.2396
80.3832
80.5352
80.4389
80.5826
80.2463
80.39
80.2936
80.4373
80.0683
80.1704
80.3076
80.4065
80.7613
80.425
80.5604
80.1991
80.3511
80.2548
80.3985
80.3021
80.2058
80.3578
80.2532
80.4052
80.3089
80.4397
80.3101
80.2221
80.1258
80.5012
80.1649
80.2919
80.4356
80.3393
80.2513
80.3866
80.5386
80.2023
80.346
80.498
80.1533
80.4159
80.2947
80.67
80.5654
80.2374
80.3811
80.2847
80.6684
80.3276
80.4796
80.3833
80.2953
80.4307
80.3427
80.238
80.39
80.046
80.3958
80.2995
80.4431
80.3468
80.2505
80.6342
80.2979
80.4415
80.5935
80.2572
80.1609
80.3046
80.4483
80.3603
80.5039
80.1676
80.3924
80.3044
80.4481
80.3518
80.2638
80.4075
80.3112
80.4548
80.3585
80.2622
80.4059
80.3179
80.4616
80.3652
80.2689
80.4209
80.283
80.435
80.3387
80.2424
80.386
80.2897
80.4417
80.3454
80.2491
80.3928
80.2964
80.4484
80.3438
80.5041
80.3995
80.3115
80.2152
80.3256
80.2292
80.3729
80.5166
80.4286
80.3323
80.236
80.388
80.5233
80.4353
80.362
80.0571
80.2334
80.4084
80.3435
80.2702
80.2052
80.372
80.3153
80.242
80.4171
80.1038
80.2884
80.2152
80.3966
80.338
80.2712
80.2184
80.1368
80.3201
80.2468
80.1819
80.3352
80.2222
80.5809
80.468
80.3851
80.3201
80.2552
80.4315
80.106
80.2497
80.1617
80.0571
80.2091
80.1128
80.2648
80.1601
80.0638
80.4558
80.5745
80.4616
80.5969
80.2606
80.6443
80.3163
80.46
80.3636
80.5156
80.411
80.323
80.2184
80.3704
80.274
80.4177
80.3214
80.2168
80.3604
80.2558
80.1512
80.3032
80.2068
80.8305
80.2542
80.6379
80.3099
80.4536
80.3572
80.2609
80.1646
80.5566
80.2203
80.3723
80.4993
80.403
80.5384
80.202
80.1057
80.4894
80.1531
80.2968
80.2004
80.5841
80.2561
80.3915
80.3035
80.2072
80.3592
80.2628
80.1665
80.3102
80.2056
80.3492
80.5012
80.6449
80.3086
80.2123
80.116
80.2596
80.1716
80.307
80.459
80.4093
80.336
80.2723
80.2176
80.3715
80.2752
80.1872
80.3309
80.2346
80.1382
80.0419
80.4339
80.3293
80.2413
80.385
80.2886
80.1923
80.2041
80.0828
80.4685
80.6352
80.2989
80.2026
80.3462
80.2582
80.1536
80.3056
80.6976
80.353
80.265
80.1603
80.3123
80.216
80.368
80.3363
80.224
80.5987
80.2707
80.4144
80.3264
80.4701
80.3738
80.2774
80.4294
80.3248
80.4768
80.3805
80.2842
80.4362
80.3315
80.4835
80.3622
80.2659
80.4013
80.305
80.457
80.3606
80.2643
80.408
80.32
80.4637
80.3674
80.271
80.4147
80.3267
80.4704
80.3741
80.2778
80.1898
80.0934
80.2371
80.1408
80.2845
80.1882
80.3402
80.2438
80.3875
80.0512
80.2032
80.3386
80.2506
80.1542
80.0579
80.2016
80.3453
80.0173
80.161
80.0646
80.4483
80.1203
80.2557
80.1677
80.3114
80.215
80.127
80.2624
80.1744
80.3181
80.2301
80.1254
80.2691
80.1811
80.0848
80.2368
80.3722
80.0442
80.1878
80.0915
80.4752
80.1472
80.2826
80.1946
80.3382
80.2419
80.1539
80.2893
80.2013
80.345
80.2486
80.1606
80.296
80.208
80.1117
80.2554
80.1674
80.3027
80.2147
80.3584
80.0221
80.4058
80.0778
80.2214
80.3651
80.0288
80.4125
80.3245
80.2282
80.3718
80.0355
80.4192
80.3312
80.2349
80.3786
80.0422
80.1942
80.3296
80.2416
80.1453
80.289
80.1926
80.3363
80.2483
80.152
80.0557
80.4394
80.1114
80.2467
80.1587
80.3024
80.2061
80.1181
80.2534
80.1654
80.3091
80.2211
80.1248
80.2602
80.1722
80.3158
80.2195
80.3715
80.0269
80.4189
80.0826
80.2346
80.3699
80.2819
80.4256
80.3293
80.233
80.1366
80.2803
80.184
80.3174
80.2358
80.4301
80.399
80.1485
80.1296
80.119
80.2595
80.4736
80.1987
80.4
80.127
80.1081
80.0976
80.0787
80.3177
80.0896
80.2301
80.4435
80.4522
80.2112
80.4528
80.1939
80.1834
80.1741
80.2236
80.1657
80.1519
80.3243
80.315
80.0645
80.2856
80.275
80.111
80.2374
80.6294
80.5164
80.6768
80.3321
80.2441
80.3878
80.1999
80.181
80.3695
80.0516
80.5576
80.517
80.4896
80.2269
80.3854
80.2725
80.4162
80.3115
80.4635
80.3589
80.2626
80.4062
80.3182
80.2059
80.146
80.0382
80.2668
80.2121
80.169
80.4143
80.318
80.4533
80.3487
80.2524
80.3961
80.2997
80.4517
80.3554
80.2508
80.1534
80.1709
80.0548
80.1569
80.6887
80.414
80.5493
80.4613
80.4334
80.3454
80.4807
80.3761
80.2881
80.4318
80.3355
80.2391
80.3911
80.0042
80.2998
80.4019
80.4314
80.419
80.2977
80.4331
80.3367
80.2321
80.1441
80.2878
80.4231
80.3351
80.4705
80.1508
80.2779
80.1649
80.093
80.1951
80.2939
80.1892
80.2867
80.4297
80.5651
80.4771
80.3724
80.2844
80.4115
80.3235
80.4672
80.3708
80.2745
80.4182
80.1179
80.4317
80.5139
80.4342
80.3379
80.4264
80.3218
80.4738
80.3691
80.5128
80.4165
80.3285
80.4722
80.3758
80.2795
80.4315
80.1113
80.4451
80.0588
80.406
80.293
80.47
80.3268
80.4704
80.3741
80.2778
80.6532
80.3252
80.4688
80.3725
80.2762
80.4199
80.3152
80.4417
80.3038
80.1543
80.2609
80.4129
80.337
80.249
80.3927
80.5281
80.4401
80.3354
80.2474
80.3911
80.2948
80.4468
80.3505
80.455
80.3338
80.1875
80.4975
80.4012
80.2966
80.4486
80.3523
80.2476
80.3913
80.295
80.447
80.3423
80.2543
80.3897
80.2934
80.1638
80.2991
80.2111
80.283
80.195
80.0987
80.7224
80.146
80.5297
80.4417
80.3371
80.4891
80.1444
80.0564
80.2001
80.0955
80.2225
80.1179
80.2532
80.3265
80.4317
80.327
80.4707
80.6144
80.2781
80.4218
80.3254
80.2291
80.3811
80.2848
80.4368
80.3405
80.2442
80.3712
80.0266
80.1702
80.42
80.332
80.2357
80.3711
80.0348
80.1784
80.0821
80.2258
80.1378
80.0332
80.4335
80.0888
80.4642
80.1362
80.0399
80.1836
80.3189
80.2226
80.6146
80.5183
80.662
80.3256
80.221
80.613
80.2767
80.1804
80.3324
80.2277
80.3714
80.2751
80.1788
80.5708
80.2344
80.1298
80.5301
80.4338
80.3375
80.2495
80.1448
80.2968
80.2005
80.3442
80.2479
80.1516
80.3036
80.1906
80.3343
80.2463
80.39
80.2853
80.4456
80.341
80.253
80.3967
80.3004
80.204
80.3477
80.2597
80.1551
80.3154
80.2108
80.3544
80.2581
80.4101
80.3138
80.2175
80.3695
80.2648
80.1768
80.3122
80.2325
80.6079
80.2799
80.4152
80.3272
80.2309
80.3746
80.2866
80.1903
80.5656
80.246
80.3813
80.2933
80.1887
80.3407
80.2444
80.388
80.3
80.1954
80.3557
80.4828
80.4031
80.2984
80.2104
80.3541
80.2578
80.4098
80.3052
80.2172
80.3525
80.2645
80.4082
80.3202
80.2156
80.3676
80.2712
80.1749
80.3269
80.2223
80.3743
80.2696
80.1816
80.3253
80.2373
80.3823
80.3173
80.244
80.4191
80.1141
80.2892
80.2159
80.1509
80.326
80.2527
80.4373
80.364
80.0591
80.2341
80.1608
80.341
80.2824
80.2156
80.3944
80.3295
80.2562
80.2008
80.1263
80.2796
80.1666
80.0453
80.6607
80.3378
80.5128
80.2092
80.1442
80.06
80.212
80.3557
80.2677
80.4031
80.5551
80.2188
80.1224
80.2744
80.4098
80.0485
80.4156
80.3109
80.4463
80.3666
80.262
80.414
80.3176
80.2213
80.3733
80.2687
80.4207
80.3244
80.228
80.3717
80.2754
80.4274
80.3144
80.2015
80.3452
80.2488
80.1525
80.3045
80.1999
80.3602
80.4956
80.1676
80.3029
80.2149
80.3586
80.2623
80.166
80.318
80.2216
80.3487
80.2524
80.396
80.2997
80.4434
80.3471
80.2508
80.1544
80.3064
80.4418
80.3538
80.2575
80.1612
80.0648
80.2168
80.3605
80.2642
80.3996
80.4074
80.1031
80.2692
80.4429
80.3383
80.2503
80.1623
80.361
80.3293
80.29
80.2583
80.2349
80.6628
80.37
80.2737
80.4173
80.2186
80.1287
80.289
80.4411
80.3448
80.2484
80.1521
80.4385
80.0778
80.4442
80.0836
80.4583
80.577
80.4807
80.3927
80.2964
80.4484
80.5588
80.4541
80.3495
80.2449
80.3885
80.3005
80.4442
80.3313
80.4583
80.106
80.233
80.3677
80.2714
80.4234
80.3271
80.4708
80.1184
80.0055
80.1569
80.0445
80.1965
80.1002
80.2522
80.3703
80.249
80.145
80.032
80.4151
80.0711
80.2231
80.3578
80.2615
80.1735
80.2839
80.4276
80.3313
80.4749
80.3786
80.2906
80.4343
80.0736
80.2167
80.3271
80.4708
80.3745
80.2781
80.1901
80.3172
80.4692
80.3645
80.2682
80.1802
80.3073
80.4593
80.3629
80.2666
80.3937
80.2973
80.1767
80.3031
80.4468
80.3505
80.2625
80.4061
80.3098
80.2218
80.3405
80.2525
80.3962
80.2916
80.4353
80.3473
80.4743
80.1386
80.265
80.3921
80.2957
80.4477
80.3514
80.2551
80.4071
80.3025
80.4461
80.3498
80.2535
80.3972
80.3009
80.4529
80.1165
80.2436
80.3623
80.2577
80.4013
80.305
80.4487
80.1207
80.2561
80.4081
80.3117
80.2237
80.3591
80.2711
80.4148
80.3185
80.4705
80.3658
80.0212
80.1405
80.5153
80.4273
80.3393
80.2346
80.3866
80.5386
80.434
80.346
80.2413
80.1533
80.297
80.209
80.3444
80.2564
80.1601
80.2788
80.1908
80.3261
80.2381
80.1418
80.2855
80.4292
80.1012
80.2365
80.3885
80.2922
80.4359
80.3479
80.2433
80.3953
80.2989
80.2109
80.3213
80.4733
80.3776
80.2813
80.425
80.337
80.2324
80.3844
80.288
80.44
80.5754
80.2474
80.3911
80.2948
80.4468
80.3421
80.0141
80.1578
80.3015
80.4452
80.1088
80.2608
80.1645
80.1418
80.3725
80.362
80.1031
80.3421
80.0832
80.3223
80.3034
80.0528
80.2823
80.2634
80.2624
80.2532
80.2343
80.2461
80.2464
80.266
80.2612
80.2506
80.24
80.2212
80.4602
80.0944
80.1812
80.0266
80.1037
80.026
80.2567
80.2461
80.2368
80.2237
80.3591
80.2794
80.1664
80.3268
80.2221
80.3741
80.2778
80.1565
80.242
80.0874
80.1645
80.0349
80.1869
80.0823
80.2343
80.138
80.0416
80.1936
80.089
80.2493
80.1364
80.0567
80.192
80.0957
80.1978
80.2832
80.1204
80.2224
80.6228
80.5098
80.4301
80.3172
80.2375
80.3728
80.2848
80.4285
80.3322
80.2359
80.3796
80.2916
80.1786
80.0157
80.1012
80.4432
80.3552
80.2506
80.6426
80.298
80.6983
80.5936
80.2573
80.401
80.553
80.4567
80.3604
80.264
80.416
80.0215
80.1069
80.4407
80.3444
80.2397
80.3834
80.2954
80.4308
80.1111
80.2381
80.3984
80.2938
80.4458
80.3495
80.2532
80.4052
80.0356
80.121
80.2148
80.1184
80.2704
80.1741
80.0778
80.2215
80.1252
80.2772
80.4125
80.0845
80.2199
80.1319
80.0272
80.1792
80.0746
80.1517
80.0055
80.1575
80.0528
80.2048
80.1168
80.2522
80.1642
80.0596
80.2116
80.1152
80.2589
80.1709
80.0663
80.2183
80.362
80.2157
80.0695
80.1965
80.3485
80.2522
80.1559
80.0596
80.4432
80.4223
80.141
80.3385
80.0572
80.5029
80.2229
80.4191
80.3785
80.0172
80.111
80.238
80.63
80.2937
80.4374
80.1011
80.2448
80.1568
80.4751
80.1471
80.2953
80.4466
80.3708
80.3532
80.0802
80.2936
80.1276
80.2347
80.4194
80.3365
80.2703
80.4223
80.326
80.2297
80.443
80.3639
80.2727
80.4324
80.3591
80.3198
80.0276
80.4023
80.1409
80.0202
80.1767
80.5514
80.4743
80.378
80.2816
80.4253
80.569
80.481
80.1203
80.0074
80.3655
80.2692
80.2636
80.3907
80.1774
80.2812
80.3916
80.5205
80.4524
80.3746
80.2789
80.1909
80.3263
80.2383
80.5964
80.2524
80.1388
80.2658
80.4012
80.0488
80.194
80.5096
80.405
80.0654
80.6718
80.5755
80.5067
80.6503
80.3229
80.7066
80.362
80.2496
80.5994
80.4948
80.3985
80.2855
80.4125
80.0685
80.4016
80.2804
80.4009
80.5555
80.4592
80.6028
80.5065
80.4377
80.3497
80.478
80.3478
80.2515
80.4035
80.2822
80.6492
80.3046
80.4483
80.2687
80.4258
80.293
80.4366
80.5995
80.2632
80.4069
80.5589
80.4626
80.1211
80.2481
80.6318
80.0638
80.4225
80.3096
80.4366
80.3326
80.4673
80.131
80.2664
80.1867
80.3137
80.234
80.3611
80.5048
80.1691
80.0478
80.1998
80.3345
80.4532
80.1175
80.2356
80.3793
80.267
80.591
80.2547
80.3984
80.3021
80.4541
80.5894
80.2614
80.3968
80.0605
80.4275
80.3312
80.4582
80.3536
80.2323
80.3843
80.2636
80.3984
80.3021
80.4458
80.3578
80.4931
80.4051
80.3088
80.4608
80.3562
80.2598
80.4035
80.5222
80.1942
80.3046
80.4566
80.1043
80.2396
80.3744
80.2864
80.4301
80.3338
80.2374
80.3811
80.2931
80.4368
80.3322
80.2358
80.1318
80.2666
80.1542
80.5373
80.4243
80.088
80.2342
80.161
80.032
80.207
80.1338
80.3088
80.2438
80.4106
80.3552
80.2819
80.2208
80.136
80.2522
80.1392
80.2842
80.1821
80.0909
80.2832
80.2112
80.1462
80.3213
80.0842
80.2483
80.3414
80.2285
80.1155
80.4922
80.381
80.0223
80.3752
80.2712
80.4053
80.3007
80.4444
80.348
80.5
80.3954
80.3074
80.4511
80.3548
80.4818
80.3688
80.2559
80.3996
80.2354
80.3713
80.2749
80.4135
80.3088
80.4525
80.3562
80.2516
80.4036
80.2989
80.4426
80.3463
80.25
80.1536
80.0407
80.1844
80.0797
80.3763
80.2799
80.4236
80.0796
80.6943
80.3663
80.27
80.4137
80.3174
80.4444
80.1247
80.2601
80.4038
80.0591
80.1945
80.0982
80.3641
80.2588
80.4203
80.3323
80.691
80.3464
80.25
80.402
80.5374
80.4494
80.3531
80.4801
80.3921
80.2958
80.4395
80.5832
80.2552
80.4955
80.6392
80.2945
80.4382
80.3514
80.4784
80.3821
80.2941
80.4461
80.3414
80.2451
80.3971
80.3008
80.4528
80.5882
80.5002
80.1561
80.2909
80.4346
80.3382
80.5702
80.4463
80.3416
80.237
80.389
80.2927
80.4364
80.34
80.2437
80.3957
80.2994
80.4514
80.3468
80.4988
80.4024
80.3061
80.4498
80.5768
80.2488
80.3925
80.2962
80.4316
80.3436
80.2472
80.3909
80.2946
80.4383
80.3503
80.4856
80.3976
80.3013
80.445
80.357
80.2524
80.1644
80.2914
80.4434
80.3471
80.2508
80.3944
80.2981
80.4501
80.3455
80.2575
80.4012
80.5448
80.4485
80.3605
80.2559
80.4079
80.3116
80.4552
80.3672
80.2626
80.4146
80.3183
80.2303
80.374
80.2693
80.4213
80.325
80.4687
80.3807
80.276
80.428
80.3317
80.2354
80.3791
80.2911
80.4348
80.3384
80.2504
80.3858
80.2895
80.4415
80.3452
80.2488
80.3925
80.3045
80.4482
80.3519
80.2556
80.1676
80.3029
80.4549
80.3586
80.2623
80.4143
80.3096
80.4616
80.3653
80.269
80.4127
80.3247
80.4684
80.372
80.2757
80.4194
80.3314
80.4751
80.3788
80.2824
80.1944
80.3298
80.4818
80.3855
80.2892
80.4328
80.3448
80.2402
80.3922
80.2959
80.4479
80.3432
80.2552
80.3989
80.3026
80.4546
80.35
80.262
80.1656
80.3093
80.453
80.125
80.2604
80.1724
80.5644
80.4597
80.3717
80.2671
80.4191
80.3228
80.2348
80.3701
80.0421
80.4258
80.3295
80.4732
80.3768
80.0488
80.4325
80.3362
80.4799
80.3919
80.2872
80.4392
80.3429
80.2466
80.3986
80.294
80.446
80.3496
80.2533
80.397
80.3007
80.4527
80.3564
80.26
80.412
80.3074
80.4594
80.3631
80.2668
80.4104
80.3224
80.4661
80.3698
80.2735
80.4172
80.3292
80.4728
80.3765
80.2802
80.4322
80.3372
80.0853
80.3148
80.0559
80.2949
80.276
80.0255
80.2562
80.2456
80.2364
80.2258
80.2069
80.206
80.1871
80.4261
80.1813
80.19
80.2012
80.2021
80.4328
80.1823
80.4034
80.1432
80.2575
80.3429
80.18
80.0255
80.2178
80.2072
80.1884
80.4274
80.1551
80.0588
80.2024
80.3544
80.2581
80.4018
80.3055
80.2092
80.0796
80.1733
80.1946
80.0401
80.2222
80.4426
80.402
80.348
80.5908
80.3185
80.2221
80.1258
80.0295
80.1732
80.0769
80.2289
80.3642
80.2263
80.2195
80.0042
80.4186
80.6494
80.6086
80.2806
80.1677
80.303
80.2252
80.3855
80.2809
80.1929
80.3366
80.2403
80.3923
80.031
80.0044
80.0809
80.1951
80.3267
80.2943
80.4463
80.3417
80.2537
80.3891
80.3011
80.1964
80.3484
80.2521
80.4041
80.2995
80.2115
80.0652
80.1058
80.22
80.0923
80.3192
80.443
80.3217
80.2254
80.3774
80.2811
80.4248
80.3368
80.2321
80.3841
80.2878
80.4398
80.0702
80.1556
80.2104
80.3297
80.472
80.4314
80.3184
80.4621
80.3658
80.5178
80.6614
80.3251
80.2288
80.3808
80.2762
80.4198
80.3069
80.3923
80.447
80.1152
80.2417
80.4275
80.5634
80.4594
80.363
80.5067
80.4104
80.3141
80.6978
80.3698
80.2651
80.1854
80.0891
80.1746
80.0366
80.3064
80.2095
80.4158
80.3284
80.4637
80.6074
80.2711
80.4231
80.3268
80.4705
80.3741
80.2861
80.4298
80.5652
80.1956
80.0577
80.0797
80.6778
80.3332
80.2369
80.6205
80.5242
80.4995
80.6515
80.3068
80.4588
80.3625
80.2662
80.4099
80.3135
80.4406
80.286
80.1897
80.2751
80.4188
80.3225
80.4662
80.3699
80.2569
80.4006
80.3209
80.4646
80.3599
80.2636
80.6473
80.311
80.2147
80.0684
80.2121
80.3051
80.4488
80.3441
80.2478
80.3915
80.3035
80.4472
80.1115
80.2551
80.3988
80.0625
80.4539
80.3492
80.2446
80.115
80.2504
80.1624
80.4712
80.3408
80.4845
80.3882
80.2835
80.4355
80.5792
80.2435
80.3872
80.2992
80.4428
80.5865
80.4985
80.1372
80.0409
80.168
80.08
80.2236
80.4812
80.6082
80.2802
80.4322
80.3276
80.4796
80.3832
80.2869
80.4389
80.3343
80.2463
80.3816
80.2936
80.429
80.341
80.2447
80.6284
80.7637
80.1791
80.3311
80.4748
80.6268
80.2821
80.1941
80.5778
80.4815
80.6335
80.5205
80.1925
80.3362
80.2482
80.1519
80.2956
80.1992
80.3346
80.7349
80.3903
80.5423
80.1976
80.5896
80.245
80.637
80.3007
80.2127
80.348
80.2517
80.3954
80.3074
80.2028
80.3548
80.4984
80.4021
80.3141
80.2095
80.3615
80.2652
80.1688
80.3208
80.2162
80.3599
80.2719
80.1672
80.3192
80.2229
80.3749
80.2786
80.1823
80.326
80.238
80.3816
80.2853
80.189
80.341
80.2364
80.3884
80.3004
80.204
80.3477
80.2514
80.3951
80.2988
80.2024
80.3461
80.2581
80.4018
80.3055
80.2092
80.3612
80.2565
80.4085
80.3122
80.2159
80.3679
80.2632
80.1752
80.3106
80.4709
80.6063
80.2783
80.1736
80.3256
80.2293
80.373
80.285
80.1804
80.3407
80.2277
80.388
80.2834
80.1954
80.3391
80.2428
80.3948
80.3119
80.2469
80.4136
80.117
80.2837
80.2188
80.3855
80.3205
80.2472
80.1823
80.3586
80.2007
80.1684
80.1264
80.0845
80.2954
80.2728
80.2423
80.4372
80.3639
80.2989
80.2257
80.1402
80.5335
80.4205
80.2993
80.2138
80.4079
80.3551
80.3241
80.1958
80.2461
80.4685
80.4579
80.3956
80.5827
80.2464
80.3901
80.3021
80.1974
80.3328
80.2115
80.3552
80.5072
80.3134
80.2913
80.4324
80.3156
80.451
80.363
80.4817
80.3937
80.2891
80.4494
80.3448
80.2568
80.3921
80.0558
80.1912
80.0948
80.0406
80.0179
80.3677
80.3411
80.4394
80.3597
80.2467
80.3987
80.3024
80.4461
80.3581
80.2618
80.4054
80.3174
80.4445
80.1082
80.0118
80.204
80.356
80.3295
80.4815
80.3768
80.2805
80.6188
80.2908
80.6744
80.3298
80.2418
80.3772
80.2892
80.4328
80.3365
80.2402
80.1356
80.2216
80.3564
80.0284
80.3954
80.3074
80.376
80.288
80.4234
80.3348
80.4701
80.1421
80.2775
80.1895
80.3332
80.2452
80.3639
80.2266
80.353
80.505
80.3921
80.5357
80.575
80.4703
80.3823
80.526
80.4297
80.3334
80.2454
80.3807
80.3011
80.4364
80.3484
80.2405
80.3669
80.2706
80.406
80.318
80.2056
80.3487
80.7241
80.3961
80.2831
80.4351
80.3388
80.2508
80.3945
80.2898
80.4418
80.3372
80.2242
80.3596
80.2633
80.4069
80.3023
80.2066
80.3413
80.2533
80.3887
80.5324
80.4444
80.3481
80.0201
80.4037
80.3074
80.2194
80.5532
80.2418
80.3605
80.0409
80.4079
80.3199
80.2159
80.1196
80.2543
80.3897
80.3017
80.4453
80.349
80.2693
80.4047
80.3167
80.4354
80.3391
80.4828
80.3781
80.2818
80.4172
80.0975
80.4729
80.1288
80.5036
80.1762
80.3193
80.4713
80.3833
80.2786
80.1906
80.3177
80.4613
80.1333
80.2687
80.4124
80.5394
80.4597
80.3551
80.2671
80.4108
80.3145
80.4415
80.3452
80.2572
80.3925
80.3129
80.4482
80.1285
80.2639
80.1759
80.0796
80.43
80.1026
80.478
80.3893
80.2764
80.4367
80.3487
80.2524
80.3961
80.5397
80.4517
80.3471
80.2591
80.4028
80.3065
80.4501
80.3455
80.2409
80.1535
80.0572
80.4408
80.3528
80.2482
80.3919
80.5522
80.4476
80.1196
80.2549
80.1669
80.0706
80.2143
80.1263
80.2361
80.4047
80.2917
80.4437
80.5791
80.2511
80.3948
80.5385
80.4421
80.3541
80.2495
80.4015
80.3052
80.4489
80.3609
80.2562
80.4165
80.3036
80.4639
80.3593
80.2713
80.4149
80.3186
80.4706
80.3743
80.2697
80.43
80.317
80.2373
80.3727
80.2847
80.4284
80.3321
80.2357
80.3794
80.2914
80.4268
80.3471
80.2341
80.3945
80.3065
80.4335
80.3538
80.2409
80.2034
80.1845
80.4236
80.1647
80.1541
80.3836
80.1247
80.3637
80.3449
80.0943
80.325
80.3145
80.3148
80.2959
80.0492
80.2978
80.5381
80.3177
80.3013
80.0508
80.2815
80.5109
80.1836
80.0495
80.1349
80.2204
80.3263
80.3157
80.0665
80.2972
80.2866
80.2121
80.3724
80.2677
80.1797
80.3234
80.2271
80.1308
80.0178
80.1199
80.2053
80.2908
80.1279
80.2799
80.1753
80.3273
80.2309
80.3746
80.2866
80.182
80.334
80.2377
80.3897
80.285
80.197
80.0757
80.1612
80.2383
80.0837
80.4591
80.3628
80.5148
80.4185
80.3305
80.2258
80.3778
80.2815
80.4252
80.3372
80.2325
80.3929
80.2882
80.622
80.2191
80.3045
80.4399
80.5836
80.2473
80.3909
80.5429
80.1983
80.3503
80.494
80.406
80.3013
80.2133
80.6053
80.5007
80.1394
80.2249
80.3103
80.429
80.3244
80.2364
80.8601
80.5321
80.4274
80.3394
80.2348
80.3868
80.2905
80.4341
80.3461
80.2415
80.3852
80.2389
80.0761
80.4007
80.362
80.2989
80.4638
80.3892
80.3147
80.2727
80.4286
80.8206
80.2359
80.3796
80.2833
80.1953
80.3307
80.2094
80.0465
80.1569
80.5808
80.2924
80.6729
80.6163
80.3017
80.2054
80.4169
80.3206
80.4643
80.3763
80.2716
80.432
80.319
80.231
80.0764
80.1868
80.3222
80.2782
80.4193
80.3621
80.2709
80.4312
80.3266
80.2302
80.3906
80.2776
80.4379
80.3333
80.2453
80.3806
80.2427
80.8331
80.2402
80.4612
80.3399
80.2436
80.3872
80.2909
80.4429
80.3383
80.242
80.3773
80.2976
80.433
80.345
80.2487
80.1274
80.2128
80.3648
80.5085
80.3365
80.2402
80.3839
80.2876
80.4313
80.3433
80.2469
80.1506
80.2943
80.4463
80.3417
80.4937
80.1324
80.2261
80.1381
80.0335
80.1605
80.4686
80.6123
80.2759
80.4196
80.5716
80.4753
80.619
80.5227
80.6663
80.33
80.2337
80.3691
80.2395
80.1431
80.2785
80.1988
80.5742
80.2379
80.2643
80.4163
80.32
80.472
80.3673
80.2876
80.4313
80.3184
80.462
80.374
80.0211
80.3881
80.0518
80.4355
80.1075
80.2512
80.1548
80.2985
80.2022
80.1059
80.2579
80.1532
80.0652
80.6889
80.3526
80.2563
80.4
80.5353
80.1907
80.3427
80.2464
80.39
80.2937
80.4457
80.5811
80.2531
80.1484
80.3004
80.2041
80.3478
80.4998
80.1552
80.5472
80.2108
80.3628
80.2499
80.1702
80.3139
80.2092
80.3612
80.2566
80.1686
80.3123
80.216
80.368
80.2716
80.1753
80.319
80.2227
80.358
80.27
80.1737
80.5657
80.2211
80.3648
80.2768
80.4204
80.3241
80.2278
80.3715
80.2835
80.1788
80.3308
80.2262
80.3782
80.2819
80.1939
80.3376
80.2412
80.3849
80.2886
80.1923
80.3443
80.248
80.3916
80.3036
80.199
80.3593
80.2464
80.1667
80.3104
80.2057
80.3577
80.2614
80.1651
80.3171
80.2124
80.3728
80.2598
80.4201
80.3155
80.2275
80.3712
80.2748
80.1785
80.3222
80.2342
80.3696
80.2816
80.1852
80.0889
80.2409
80.1363
80.2883
80.432
80.3356
80.3211
80.0264
80.4312
80.3758
80.293
80.2376
80.4056
80.5493
80.213
80.1166
80.2686
80.1653
80.1086
80.2754
80.2104
80.1371
80.3218
80.0533
80.4491
80.3842
80.3109
80.2542
80.4126
80.116
80.2827
80.2178
80.1509
80.3432
80.5163
80.4539
80.149
80.0757
80.259
80.1762
80.5778
80.2165
80.1035
80.7021
80.3888
80.5639
80.2506
80.1856
80.3485
80.2522
80.1559
80.3079
80.6832
80.1152
80.2589
80.1626
80.3063
80.4416
80.5687
80.4474
80.5911
80.4948
80.4068
80.3021
80.2141
80.3578
80.2615
80.4052
80.5572
80.2125
80.3645
80.2682
80.4119
80.3156
80.2192
80.3463
80.2416
80.1536
80.7773
80.441
80.5847
80.2484
80.392
80.2957
80.2077
80.3514
80.5034
80.1588
80.3108
80.2144
80.3581
80.2535
80.1488
80.2925
80.1962
80.3399
80.2519
80.1472
80.3076
80.2029
80.3549
80.2586
80.1623
80.306
80.2096
80.3616
80.2653
80.169
80.3127
80.208
80.36
80.2637
80.1674
80.3111
80.2148
80.3668
80.5104
80.1741
80.3178
80.4698
80.3735
80.2772
80.1808
80.3245
80.2282
80.3802
80.2839
80.1876
80.3396
80.2349
80.3869
80.2823
80.1943
80.338
80.2416
80.3936
80.2973
80.201
80.3447
80.2484
80.4004
80.304
80.2077
80.3514
80.2551
80.1588
80.3108
80.2144
80.3581
80.2701
80.1655
80.3175
80.2212
80.3732
80.2768
80.1805
80.3242
80.2279
80.1316
80.2752
80.1872
80.0826
80.4746
80.3783
80.282
80.1856
80.4303
80.3737
80.3017
80.238
80.3817
80.2853
80.6773
80.3327
80.2447
80.1401
80.2921
80.4357
80.3394
80.2431
80.3951
80.2905
80.2025
80.1695
80.1058
80.2815
80.4482
80.382
80.2978
80.4415
80.3452
80.4889
80.3925
80.3045
80.4482
80.3519
80.2556
80.4076
80.3029
80.4549
80.3586
80.2623
80.4143
80.3097
80.4617
80.3653
80.269
80.181
80.5564
80.4684
80.3721
80.2757
80.4194
80.3314
80.4751
80.3788
80.2825
80.4261
80.3381
80.2335
80.3855
80.2892
80.4412
80.3365
80.2485
80.3922
80.2959
80.4479
80.3433
80.2553
80.3989
80.3026
80.4463
80.3583
80.2537
80.4057
80.3093
80.2213
80.3567
80.2687
80.4124
80.3161
80.4597
80.3717
80.2671
80.4191
80.3228
80.4665
80.3785
80.2738
80.4258
80.3295
80.4732
80.3769
80.2889
80.4325
80.3362
80.4882
80.3836
80.2956
80.1993
80.3429
80.2466
80.1586
80.294
80.446
80.358
80.2533
80.397
80.3007
80.4527
80.3564
80.2601
80.4037
80.3157
80.2194
80.3631
80.2668
80.4105
80.3225
80.2261
80.3698
80.2735
80.4255
80.3209
80.4729
80.3765
80.2802
80.4239
80.0959
80.4713
80.3833
80.2869
80.4389
80.3343
80.2463
80.39
80.2937
80.4457
80.341
80.253
80.3967
80.3004
80.4441
80.3477
80.2693
80.2492
80.4786
80.2197
80.2188
80.1999
80.1989
80.1801
80.4095
80.1589
80.1401
80.3791
80.1298
80.1109
80.35
80.349
80.3577
80.118
80.1202
80.1013
80.204
80.1717
80.3813
80.1743
80.1656
80.29
80.3763
80.5884
80.3378
80.3189
80.0684
80.0265
80.4185
80.3221
80.2258
80.3695
80.2129
80.0749
80.1604
80.3906
80.236
80.055
80.3813
80.3388
80.5214
80.1851
80.3287
80.2324
80.3844
80.2798
80.1918
80.3355
80.2391
80.1852
80.0306
80.3887
80.2526
80.0864
80.1719
80.3342
80.5097
80.8934
80.3171
80.4608
80.3728
80.2681
80.4201
80.3238
80.2275
80.3628
80.2089
80.5587
80.0176
80.0914
80.4169
80.2956
80.2427
80.4101
80.5538
80.4491
80.6011
80.2565
80.4168
80.3122
80.4642
80.3678
80.2305
