41.6519
41.6375
41.6231
41.6087
41.5943
41.5799
41.5655
41.5511
41.5367
41.5223
41.5143
41.6087
41.7031
41.7975
41.8919
41.9863
42.0807
42.1751
42.2695
42.3639
41.2583
41.3047
41.3991
41.4935
41.5879
41.7079
41.8279
41.9479
40.8679
40.9879
41.1079
41.2279
40.0935
40.2135
40.3335
40.4535
40.5927
40.7383
40.8839
41.0295
41.1751
41.3015
40.1735
40.2999
40.4199
40.5399
40.6727
40.8183
40.9639
41.1095
41.2551
40.1399
40.2855
40.4311
40.5767
40.7223
40.8679
41.0135
41.1591
41.3047
40.1895
40.3351
40.4807
40.6263
40.7719
40.9175
41.0631
41.2087
41.3543
40.2391
40.3847
40.5303
40.6759
40.8215
40.9671
41.1127
41.2583
40.1431
40.2887
40.4343
40.5799
40.7255
40.8711
41.0167
41.1623
41.3079
40.1927
40.3383
40.4839
40.6295
40.7751
40.9207
41.0663
41.2119
41.3575
40.2423
40.3879
40.5335
40.6791
40.8247
40.9703
41.1159
41.2615
40.1463
40.2919
40.4375
40.5831
40.7287
40.8743
41.0199
41.1655
41.3111
40.1959
40.3287
40.4679
41.8135
40.7591
40.9047
42.1895
42.3223
41.1879
41.3143
41.4006
41.4726
41.4833
41.6705
41.0147
41.0931
41.1477
40.0851
40.165
40.0042
40.2541
41.5805
40.4461
41.1182
41.1729
41.2444
41.3105
40.0042
40.2792
40.4055
41.6053
40.3077
41.198
40.0699
40.0806
40.0042
40.3043
40.4305
40.4239
40.1644
42.6242
40.0949
40.1056
40.0042
40.3293
40.4556
40.449
40.1894
40.0918
40.1199
40.1307
40.0221
40.3543
40.4806
40.474
40.2145
40.1169
40.145
40.1557
40.0471
40.3793
40.5056
40.499
40.0042
40.0042
40.0042
40.0042
40.0042
40.0042
40.0042
40.0042
40.0042
40.0042
40.0042
40.0042
40.0042
40.0042
40.0042
40.0042
40.0042
40.0042
40.0042
40.0042
40.0042
40.0042
40.0042
40.0042
40.0042
40.0042
40.0042
40.0042
40.0042
40.0042
40.0042
40.0042
40.0042
40.0042
40.0042
40.0042
40.0042
40.0042
40.0042
40.0042
40.0042
40.0042
40.0042
40.0042
40.0042
40.0042
40.0042
40.0042
40.0042
40.0042
40.0042
40.0042
40.0042
40.0042
40.0042
40.0042
40.0042
40.0042
40.0042
40.0042
40.0042
40.0042
40.0042
40.0042
40.0042
40.0042
40.0042
40.0042
40.0042
40.0042
40.0042
40.0042
40.0042
40.0042
40.0042
40.0042
40.0042
40.0042
40.0042
40.0042
40.0042
40.0042
40.0042
40.0042
40.0042
40.0042
40.0042
40.0042
40.0042
41.1939
40.0042
40.0042
40.0042
40.7903
40.0042
40.0042
40.0042
40.0188
40.0042
40.0042
40.0042
40.8152
40.0042
40.0562
40.0042
40.0437
41.1461
40.9206
40.0042
40.8401
40.7425
41.8443
40.0042
40.0686
41.171
42.2734
40.9758
40.865
40.7674
40.6698
40.5722
40.0935
41.1959
41.0983
41.0007
40.8921
40.7945
40.6969
40.5993
40.1184
40.0208
41.1232
41.0256
40.917
40.8194
40.7218
40.6242
40.526
40.4284
40.3308
40.2332
42.1829
40.8859
40.7883
40.6907
40.5931
40.4955
40.3979
40.3003
40.2027
40.8378
40.6992
40.6016
40.504
40.4058
40.433
40.3354
40.2378
41.9679
41.9535
40.7397
40.6421
40.5861
41.5215
40.3903
40.2927
41.4367
40.7259
43.0699
40.6555
40.6411
40.6267
42.6788
41.4644
41.3668
41.4356
41.3796
42.5652
41.3508
41.3364
41.2804
41.266
41.2516
41.1956
41.2228
41.1668
41.194
41.1796
41.1652
41.1508
41.0948
41.122
41.066
41.0932
41.0372
41.0644
41.0084
41.0356
40.9796
41.0068
40.9508
40.978
40.922
40.9492
40.8932
40.9684
40.9188
40.994
40.9444
41.0196
40.97
41.0452
41.0436
41.138
41.2324
41.3268
41.4212
41.5156
41.61
41.7108
41.8116
41.9124
40.8132
40.914
41.0084
42.2484
42.2404
41.074
41.018
41.0516
41.0436
41.0772
41.0756
42.3156
41.114
42.4084
41.2612
43.618
41.258
42.45
42.4356
42.482
41.2676
42.5204
41.3604
41.4132
42.6116
41.4452
42.6372
41.4228
42.6756
42.6196
41.4596
41.458
41.4916
41.2038
42.3472
41.0976
41.167
42.3584
41.1856
41.1904
41.2176
41.2288
42.504
42.2304
41.1056
41.056
42.2896
41.0336
43.2688
42.0192
40.888
41.9904
40.8592
43.1616
40.8304
43.1328
41.912
43.0144
41.8832
41.7856
43.0544
41.8048
41.832
41.776
41.8096
41.7952
42.9872
40.6208
40.6128
40.64
41.7968
40.6784
43.0768
41.8624
41.896
41.888
40.7216
41.9136
40.7472
41.9392
40.7664
40.7104
40.7376
40.64
40.7088
40.6112
41.8384
41.8656
41.8096
40.5952
41.7808
40.608
41.7104
40.5792
41.7232
41.7088
41.6944
41.68
41.6656
41.6992
41.7328
41.6832
41.7584
41.7568
41.8512
41.8912
40.7856
42.032
40.92
41.0144
41.0608
41.1488
41.1888
41.2288
41.2688
40.0672
40.1488
40.1344
41.2784
41.3472
41.2976
41.392
40.28
40.3264
40.4144
40.4608
40.5552
40.6432
40.6416
40.736
40.8176
40.8096
40.8368
40.7872
42.0624
42.0128
40.888
40.8864
42.12
40.9536
40.8976
40.8832
42.0752
40.8608
41.9632
41.9904
41.9344
41.9616
41.9056
41.1596
42.3446
42.3846
41.087
41.0726
41.0166
41.0022
40.7445
40.6469
41.7589
43.3227
42.1083
43.2523
42.1883
42.1739
40.9724
41.6747
41.8043
41.7963
41.8299
40.5739
41.7595
41.7515
42.9915
42.088
42.1696
40.9142
42.1056
42.1328
42.1184
42.104
42.1024
42.088
42.0736
42.0176
42.0448
42.072
42.0069
42.0341
43.1781
43.2662
41.9686
41.9542
43.1398
41.9254
41.911
43.055
43.1238
43.0262
43.095
41.8806
40.9388
40.9244
42.11
42.0956
42.0812
42.0668
41.278
41.2636
40.9868
42.1301
42.1157
42.1013
40.9772
42.1205
42.2021
42.1461
42.1317
42.0757
42.0613
42.0469
42.0325
42.0597
42.0037
41.9957
43.2293
42.0213
42.0326
42.0246
42.0582
42.0502
42.0422
42.1301
40.9637
40.9493
40.9477
41.0293
41.0277
41.1093
41.1077
41.9733
40.7653
41.9093
41.9077
40.7893
40.7877
40.8693
40.8677
40.9493
40.9477
41.0357
40.5509
41.6821
40.4869
40.5749
40.5797
40.6677
40.6725
40.7605
41.9653
40.8661
41.5301
40.3765
40.4773
42.9365
40.6373
40.6965
40.7973
40.8565
42.1509
41.0101
42.3109
42.3925
41.1429
41.2245
40.0709
42.5589
40.2053
41.4933
40.3397
41.5797
41.6197
41.6597
41.7477
41.7941
43.0757
40.6677
40.6597
40.6997
41.9333
41.9733
40.7589
41.9573
42.0453
42.0853
40.8773
40.9173
42.1029
42.1429
42.1765
42.1749
41.0149
41.0549
42.2949
42.3349
41.0789
41.1125
41.1525
42.3925
41.2325
41.2725
41.2645
41.3525
41.3381
41.3301
41.4117
41.4037
41.4917
41.5317
40.3237
41.5637
40.3557
41.5893
41.6293
41.6629
40.4613
40.5013
40.5413
40.5749
41.8149
40.5589
41.8405
41.8741
40.6661
40.6101
40.5541
41.7397
41.6837
42.8277
41.8123
41.7563
42.9419
41.8299
40.5739
41.7179
40.3595
40.4001
41.5435
41.5899
40.3755
41.5552
41.5408
41.6896
40.4336
41.5776
41.4672
40.3674
41.5472
41.4912
41.4768
40.2208
41.3648
42.5504
41.336
42.48
41.2656
42.6629
41.4485
41.3925
41.3365
41.2805
40.0245
41.2101
41.1957
41.1813
41.1669
41.1525
41.0965
41.0405
42.2261
41.0117
40.9973
40.9413
40.9269
43.3541
42.0981
42.0421
42.0277
43.2133
44.3573
43.1429
43.1285
43.1141
41.8997
40.6853
41.8293
41.8149
41.8005
41.7029
41.6885
41.6741
41.6597
41.6453
41.6309
41.6165
42.1557
40.8997
40.8853
40.8709
40.8149
40.8005
40.7861
40.7717
40.7573
41.9429
42.105
42.049
42.1786
42.1706
42.2106
42.257
42.3098
41.0538
41.0394
41.025
40.969
40.9546
40.9402
40.9258
40.953
40.9386
43.1935
41.9791
41.9647
41.9503
41.9359
41.9215
41.9071
40.6933
41.7951
41.8223
41.8079
41.7935
41.7791
41.7647
41.7503
41.7359
40.4389
41.6239
41.5679
41.5535
41.5391
41.5247
41.5103
41.4959
42.7231
40.3087
40.2943
41.3967
41.3823
42.5263
41.3119
41.2975
41.2831
42.4687
41.2959
41.2815
41.2671
41.2527
41.2383
41.2239
41.2095
41.1951
41.1807
42.3663
42.3519
42.3375
42.3647
42.3087
41.1359
41.1215
42.3487
42.2927
42.2783
41.0639
42.2495
42.2351
41.0335
41.0671
41.1071
41.1471
41.2287
41.2687
41.3087
41.3487
41.3887
41.4223
41.4207
41.4543
42.6943
41.5279
41.5615
41.6015
41.6415
41.6815
41.6735
41.7135
41.7471
41.6975
41.7727
41.7231
41.8047
41.8575
41.9103
41.9087
41.9487
42.0015
41.9935
42.0335
42.0799
42.1199
42.2079
42.2543
42.3007
42.3535
41.1999
41.2879
40.0863
40.1743
41.4623
40.2543
40.3007
40.3951
40.4415
40.4879
40.5279
40.6159
40.6559
40.6895
40.6879
40.7759
42.0639
40.8623
40.9023
41.0031
41.0559
42.3439
42.4031
42.4495
41.2959
41.2943
41.3695
41.3679
41.4015
41.4415
41.4399
40.1967
40.2367
40.2767
40.3103
40.3023
40.3359
40.3759
40.3679
40.4015
40.2661
41.4575
41.4789
41.4223
41.4079
41.3935
41.4271
41.4671
40.2527
41.3423
40.0927
40.0847
41.1679
41.1535
41.1999
41.2879
41.3215
41.3551
41.3535
41.3391
41.3663
43.4383
41.0303
41.0639
41.0143
41.0895
41.0751
41.0607
41.0463
41.0319
43.4175
42.2031
40.9887
42.1807
41.0143
40.9999
44.5439
42.2191
42.1695
41.0031
40.9951
41.0287
42.2207
41.0543
40.9983
42.2255
41.0111
42.2383
40.9823
40.9679
40.9535
42.1807
40.9247
42.0687
40.8959
42.1231
40.8671
42.0943
40.7967
42.0239
40.8095
40.8367
43.1807
41.9663
41.9519
41.9375
41.9647
41.9087
41.8943
41.8799
40.6655
40.6095
40.6367
40.5807
40.6079
40.5519
40.5791
40.5231
40.5503
40.4943
40.4799
40.5071
41.6511
41.6847
42.8996
41.7332
41.7732
41.8132
41.8532
41.8932
41.9332
42.0212
42.0196
42.1012
41.089
42.322
42.2788
42.3604
41.2068
41.2948
41.3412
41.4356
40.282
41.57
40.4164
41.2404
42.4868
41.3748
40.2148
41.5028
40.3492
40.4436
41.322
40.2164
40.2692
40.3636
41.3253
40.2261
40.2853
40.3861
40.4517
42.5076
41.3604
42.6068
41.4532
41.5124
41.5108
41.618
40.4164
41.6692
40.4548
41.6468
41.6804
41.7332
41.7732
40.6196
41.8596
40.706
40.746
40.6964
40.6884
40.7348
40.7748
44.4628
43.3028
42.1492
40.9828
41.1988
42.3908
41.1412
41.1748
41.2148
41.1652
43.7012
41.9019
40.6043
41.7483
42.2585
43.3067
42.1467
40.9387
42.1371
43.4667
42.2107
40.9131
42.1051
42.1387
43.3787
41.0187
41.0587
41.0571
41.0491
41.0347
41.0267
43.4187
42.2587
44.7403
42.3803
42.3787
41.1291
41.1147
42.3483
42.3403
41.0907
41.1243
43.6123
42.4523
41.2027
41.2363
41.1803
41.2139
41.2539
41.2459
41.3275
41.2779
40.0699
41.2555
41.1995
41.1915
41.1771
41.1691
41.1611
41.1947
41.1451
42.2891
42.2747
42.2667
42.2523
42.2443
42.2779
42.2699
43.4619
41.0059
43.3915
43.3835
42.1691
42.1611
42.1531
42.1451
42.1307
42.1227
40.8251
42.0107
42.0443
42.0363
42.0635
40.8555
41.9995
41.9435
40.6875
41.8315
41.8171
41.8027
40.5467
41.7323
41.7179
41.7035
40.4475
41.5915
40.3355
41.4795
42.7067
41.4507
41.4363
41.4219
41.4075
40.1099
41.2955
41.2395
41.2251
41.1691
41.1547
41.1403
41.1259
41.0699
41.0139
42.1995
42.1851
42.3824
41.9412
41.9268
41.8708
41.8564
41.8004
41.7444
41.73
41.7156
41.7012
41.6452
41.6724
42.8164
41.602
41.5876
41.5316
41.5172
41.4612
42.6884
41.474
41.418
42.6036
41.3892
40.1332
41.3188
41.3044
41.29
41.234
40.0196
41.2468
41.1908
41.1764
41.162
42.3476
41.1332
42.3188
41.1044
41.09
42.3172
42.3028
42.2468
42.2324
42.2596
42.2036
42.1476
42.1748
42.1188
42.146
42.1316
42.1172
42.1028
42.0884
42.074
42.0596
42.0452
42.0308
42.0164
42.002
41.9876
41.9316
41.9588
41.9444
41.93
40.674
40.6596
40.6452
40.6308
40.6164
40.602
40.5876
40.5316
40.5588
40.5444
40.53
41.7156
41.7012
41.6868
42.914
41.658
41.6436
41.6292
41.6148
41.6004
41.586
41.6132
41.5988
41.5844
41.57
41.5556
40.2996
40.2852
41.4708
42.6564
42.6836
41.4692
41.4548
41.482
41.4676
41.4532
41.4452
41.4852
40.9951
41.0351
41.1417
41.1343
41.1801
41.2202
41.3146
40.2095
41.4554
41.4954
41.5897
41.5823
41.6281
40.4687
41.7082
40.6095
40.6079
40.6537
40.6943
40.7343
40.7807
42.0073
40.8671
40.9615
40.9658
41.025
42.3738
41.2202
41.273
41.1785
42.3226
42.417
41.305
41.3513
41.4457
40.3465
40.3929
41.4698
41.5161
41.5625
40.4511
40.4975
40.5919
40.6863
40.7871
40.7178
41.8681
41.9018
41.9898
40.8911
41.4239
42.1833
41.0905
41.0633
41.0553
42.2959
42.3418
40.0367
41.2762
40.847
42.0865
43.2497
43.3793
42.1649
42.3194
41.1542
41.2005
41.1439
42.384
40.0245
41.1743
42.095
41.0958
41.0837
41.0341
42.3572
41.1978
41.2308
42.3396
41.0906
40.0042
40.0042
41.059
41.1405
42.1289
42.1209
41.1119
41.0559
40.9999
40.9345
41.0359
42.1377
41.0984
41.0002
40.8372
41.0699
42.2548
40.9163
41.0608
40.9632
40.9066
42.0695
40.9581
42.0599
40.8045
41.9485
40.6509
40.5533
41.6967
40.4413
42.7847
40.3293
40.2733
41.4173
40.1197
40.0221
41.1245
41.1101
41.0951
40.9981
40.9421
40.8861
40.7885
40.6909
40.5933
41.7367
42.9223
41.6663
41.6519
41.5543
40.2989
40.2013
40.1037
41.2471
41.2327
41.2183
41.1213
41.0653
41.0093
40.9117
40.8141
40.7165
40.7431
41.8455
40.6727
40.5757
40.5607
40.4221
40.3245
40.2269
40.2599
40.3063
40.1479
40.1399
40.0359
41.1325
41.0349
40.9373
40.8813
40.9629
41.0093
40.8439
40.7405
40.6845
40.5869
40.4893
40.4391
40.4791
41.5687
40.4087
40.4615
40.2903
40.1389
40.0413
41.1437
41.1351
41.2295
41.2759
41.1463
41.0903
40.9325
40.8349
40.7789
41.9703
40.8103
41.8519
41.7959
41.8231
40.5261
40.4285
40.3309
40.2749
40.3079
41.4583
40.2375
40.2295
41.3607
40.4534
40.3558
41.4992
42.6016
41.4288
41.3312
41.3584
41.3024
40.047
41.1494
41.0992
40.2271
42.5173
41.3093
40.1013
40.0332
41.2188
41.0796
42.1813
40.926
40.87
42.0133
41.9573
40.8261
42.0117
40.7148
41.8172
40.6021
41.7045
42.0267
40.8123
40.7569
41.9419
41.8859
40.6721
41.7739
40.6011
40.5867
42.8475
41.5915
41.6187
40.3633
41.7408
41.6848
41.712
40.4976
41.6832
40.4688
42.7296
41.4736
41.4592
41.4864
41.4304
41.4576
41.4016
42.6288
41.3728
40.2
40.144
41.3296
41.3152
40.1008
41.2864
41.3136
41.2576
40.0848
41.2288
41.2976
41.2416
41.2272
41.2128
41.1984
41.184
41.1696
41.1552
41.1888
41.1808
41.2144
42.4064
41.24
42.4736
41.2656
42.4992
41.2912
41.2832
41.3168
41.3088
41.3424
41.3408
41.3872
41.4272
41.4672
41.5072
41.5472
41.5872
41.6272
41.6672
40.5072
40.5472
41.7872
40.6688
40.6736
41.92
40.7664
40.8128
42.0528
40.9408
40.9872
41.0752
41.1216
41.2096
41.2624
41.3568
42.6032
41.4976
40.3504
40.4448
40.4976
40.592
40.6384
40.7328
40.7856
40.88
40.9328
41.0272
41.08
41.12
42.4144
42.4608
41.3072
42.5536
42.6
41.392
41.4384
41.4304
41.416
42.704
41.496
41.536
41.5696
41.5616
40.3536
41.5392
40.3248
40.3584
40.3024
41.4528
41.5344
40.3264
40.3184
41.504
41.5312
41.5232
41.4672
40.2592
41.4512
41.5328
41.5248
40.3104
40.296
40.24
40.2736
41.5072
40.2992
40.2912
40.2832
41.5168
41.5024
40.288
40.28
40.2656
40.3056
41.5808
40.3312
40.3648
40.3504
41.536
40.3696
41.5552
41.5536
41.5872
41.5792
41.5712
40.3984
41.584
42.8176
41.6032
41.5952
41.6352
41.6272
41.6608
41.6464
41.632
41.576
41.6096
41.6432
41.6352
41.6208
41.648
41.6336
41.6192
40.4048
42.7552
41.5888
41.6288
41.6208
41.6128
41.6048
41.6448
41.7264
41.6768
40.5104
40.4608
40.488
40.4736
42.6677
42.6181
42.6453
41.4309
42.6165
41.4021
41.3877
43.8149
42.5589
41.3029
42.4053
41.2325
41.3466
40.1322
41.2762
42.4202
41.2474
41.233
41.2186
41.1626
41.1482
41.1338
41.2069
41.1503
41.1781
41.2053
42.3493
42.3349
43.5205
41.1477
42.2917
42.2773
41.1045
42.2485
42.2341
42.2613
42.2053
42.1909
42.2181
42.1621
42.1477
40.9749
42.1189
42.1045
42.1317
42.0757
43.2613
42.0885
42.0325
42.0181
40.8453
41.9893
41.9749
42.0021
41.9461
41.9317
41.9589
41.9029
41.8885
41.9221
41.9141
41.9061
41.9877
41.9797
41.9717
42.0533
42.0453
42.0373
42.1189
42.1173
40.9573
40.9973
40.9893
41.0709
41.0629
41.0549
41.1365
41.1765
41.2229
41.3045
41.3509
41.3909
41.4725
41.4581
41.5045
41.5445
41.6325
41.6725
41.6709
41.7589
40.5989
40.5973
40.6853
41.9669
40.7173
41.2847
41.3247
40.1167
40.1983
40.1423
42.5695
41.3551
41.3407
40.0847
41.2703
40.0828
41.2325
41.1765
41.1205
42.3828
40.0042
41.1892
41.1748
42.3604
42.346
41.09
42.234
42.178
42.2219
41.1199
42.3049
43.4905
42.2761
43.4617
42.2057
40.9081
40.8937
43.2377
42.0649
42.1337
42.0777
42.0633
43.2489
41.9929
41.9369
41.9641
43.0665
41.8937
41.8793
41.8233
41.8089
41.7945
41.8217
41.7657
41.7929
42.8953
41.7225
41.6665
41.6521
41.6377
42.8233
41.6505
41.5945
42.7801
41.5657
42.7513
41.5369
41.5225
41.5081
41.4937
41.4793
41.4649
41.4505
41.4361
41.4217
41.4073
41.3929
41.3785
41.3705
41.4041
41.3961
41.4361
41.4217
41.4617
41.4473
41.4873
41.4729
41.5129
41.5465
41.5385
41.5721
41.5641
41.5913
41.6313
41.6713
41.7113
41.7097
40.5977
40.6857
40.7257
40.7657
40.8057
40.8937
40.9401
41.0281
41.0681
41.1017
41.0937
41.1273
41.1193
41.1529
41.1449
41.1849
41.2729
41.3129
41.3529
40.1929
41.4329
40.2729
41.4649
40.2569
40.2969
40.3785
41.5769
42.8105
41.6441
41.6297
41.5737
41.6009
41.5449
41.5721
41.5161
41.5433
41.5289
40.866
42.099
41.5854
40.371
41.515
41.5422
41.5278
41.5134
42.6574
42.0707
40.9043
41.5018
42.6458
40.1898
41.2724
42.4228
41.298
40.09
41.234
41.3572
41.1508
41.178
41.0746
42.218
42.3386
42.3658
42.3514
42.337
42.3226
42.225
42.2106
42.1962
43.3402
42.1258
43.2698
42.1386
42.041
43.3098
42.1823
42.1679
42.1535
42.1391
42.1663
42.1103
40.9375
42.0399
40.9087
42.0111
43.1551
43.1823
41.9263
41.9119
41.8975
41.8831
41.8687
43.0543
41.8399
43.0255
41.8111
41.7967
41.7823
41.7679
41.7535
42.9391
41.7247
41.7167
41.7567
40.5903
41.8239
40.5743
41.8495
40.6479
41.9295
41.9279
42.0095
43.2559
42.1375
42.1359
40.9695
42.2095
41.0495
41.0895
41.1295
41.1695
41.2095
41.2495
41.2895
41.3295
41.3695
41.4095
41.4559
41.5439
41.5903
41.6783
41.7247
40.6127
40.6655
40.7599
40.8127
40.9071
40.9599
41.0543
41.1135
41.2143
41.2735
41.3743
41.4335
41.5343
41.5807
42.8879
42.9887
42.9935
41.8879
41.8863
41.9871
42.0271
40.8319
40.9327
40.9919
41.0383
41.1327
41.1855
41.2863
41.3391
40.1311
41.3775
41.4239
40.2159
41.5039
41.5503
40.3903
40.4367
40.4287
40.4687
40.5087
40.5007
40.5471
41.8351
41.8815
41.5477
41.5397
40.489
42.8389
41.6309
41.6773
41.6757
40.5637
41.8101
40.6501
41.8901
41.4545
41.4043
41.4443
40.5006
41.7406
40.4378
42.8651
42.9531
41.7451
40.5851
40.5771
40.1058
41.6643
40.4563
40.3939
41.6339
40.4803
41.7619
41.7539
40.5939
40.3826
41.6226
41.669
40.509
40.549
41.6856
41.6776
41.7656
40.8072
42.0056
40.7976
42.0376
40.8296
40.828
40.8616
40.8056
41.9496
43.1
41.844
43.036
41.828
40.5784
41.7704
41.756
41.7
40.4024
42.7944
41.5384
41.5304
40.3288
42.7208
41.5064
42.6504
40.1944
41.3448
40.0888
41.2808
40.0728
42.3752
41.1192
41.1048
41.0904
40.9928
40.9368
40.8808
40.8248
40.7272
41.8712
41.8152
41.8008
40.5032
40.4056
41.5912
40.2936
40.2376
40.14
41.3256
41.2696
41.2552
41.1576
41.1016
41.0456
42.2312
40.9336
40.8776
40.8632
40.8072
40.7512
40.6952
40.6392
41.7832
40.5272
41.6712
41.6152
41.6008
40.3448
41.4472
41.4328
41.3352
41.3208
40.0232
41.2088
41.1528
41.1384
41.0408
40.9848
40.9288
40.8728
40.8168
42.0024
40.7464
41.932
40.6344
40.5784
40.564
41.708
41.652
41.596
41.5816
40.6621
41.7453
42.9917
42.9357
41.6797
41.6653
41.5677
41.5533
41.5389
40.3245
41.4269
41.7074
41.693
41.637
40.0042
40.3256
41.469
40.2546
40.1986
41.3426
41.2866
41.2722
41.2162
42.3602
40.2413
41.3853
41.4183
40.1623
40.1479
40.1335
40.1191
41.2215
41.2071
41.1511
42.3367
41.3456
41.2896
42.4752
41.2192
41.1632
42.3072
41.0928
42.2368
40.9808
40.8832
40.8272
42.0544
40.7984
41.9424
41.8864
41.872
41.816
40.5184
41.6624
41.648
41.6336
41.5776
41.6048
40.3488
42.7344
41.4784
41.3808
42.5664
42.552
42.496
41.3232
42.5088
41.2944
42.4384
41.1824
41.1264
41.0704
41.0144
40.9584
42.1856
40.9712
42.1568
40.9008
40.8864
42.072
42.0576
40.8016
41.904
44.3312
43.1584
41.9024
41.888
41.832
41.8176
41.8032
40.5888
41.816
41.76
41.7872
41.7312
40.5168
40.5024
40.488
40.4736
41.6592
40.4448
42.8304
40.4576
40.9648
41.0336
41.032
41.072
41.1184
41.1104
41.1504
41.1904
43.1701
43.2583
43.2023
42.0423
43.2887
42.0807
42.1207
40.9543
42.1463
42.1799
42.5109
41.3029
41.3429
41.4661
41.4101
42.5957
42.6293
43.7797
41.4549
41.4117
41.3973
40.3173
40.2709
41.4149
41.4965
40.2885
40.2332
42.6181
41.3685
41.4085
41.4197
41.4725
41.5061
40.3397
40.3317
40.1964
41.3941
41.4277
40.2741
40.3141
42.7477
42.6789
41.4709
40.3109
40.2965
40.3365
40.3285
40.8581
42.6997
41.4917
41.5253
41.5173
41.5573
40.3916
41.5893
41.5685
41.6021
41.6485
40.0042
41.3867
40.2267
41.2683
40.1019
40.1355
40.1211
41.3067
41.1553
41.0993
41.0849
41.0289
41.0145
41.0411
42.1851
41.0123
42.1563
42.367
41.1526
42.2012
42.1446
42.1712
42.1568
42.1424
42.128
42.1136
42.0992
40.8848
41.9878
41.9312
41.9168
43.144
41.9296
43.0736
41.8592
41.7616
42.9888
41.816
41.76
42.9456
41.6896
41.6752
42.944
42.8464
42.8736
41.576
41.6032
42.7472
41.616
41.5184
41.5456
41.5312
41.5168
41.4608
42.6048
40.2384
41.3888
40.264
40.2144
40.2416
40.2336
40.2672
40.3072
41.5408
40.0672
40.1072
40.1472
40.1872
41.4688
40.2672
41.5072
41.5472
41.6352
41.6752
41.7216
41.8096
41.856
41.896
41.984
42.0656
42.112
42.2
41.0464
41.1344
41.1808
41.2688
41.3088
41.3488
41.3888
42.6288
41.4624
41.5024
41.5424
41.5824
41.6224
41.6688
41.7568
41.7968
41.8848
41.8768
40.7648
40.7568
40.7904
40.7824
40.816
40.808
40.8
41.992
41.984
40.8176
40.7616
40.7888
41.9808
42.0144
42.0064
40.7984
40.7424
43.1344
41.968
41.9536
41.9872
41.9792
41.9648
40.7568
40.7904
41.9824
41.9328
40.76
41.904
41.9856
41.9296
41.9632
41.9968
41.9472
42.2855
41.8485
41.8341
41.8677
41.8597
43.0933
41.8853
41.8773
41.0443
40.9883
40.9739
40.9595
42.1093
42.1365
40.9349
41.0101
42.2021
40.7483
41.8923
41.9253
43.0213
41.7653
41.7573
44.0949
41.6805
40.4725
40.4581
41.5125
40.2987
41.4837
42.6757
40.2677
42.5637
41.4389
41.3413
41.2725
41.2587
42.3605
42.3877
41.1861
42.3173
42.3157
41.1973
41.1957
41.2293
42.4757
42.1061
40.9397
40.9797
40.9173
40.9573
40.9909
40.9893
41.0709
41.0693
41.1509
41.1493
42.3829
41.2645
42.4149
41.2485
42.4821
41.2869
42.5269
41.3253
41.3653
40.1637
41.4581
41.4565
42.6549
41.4949
41.4933
40.2789
41.4293
40.3109
40.3029
40.2949
41.5765
40.3621
40.3125
40.3461
41.5317
40.3237
41.5637
40.3973
41.5893
40.4229
41.6149
40.4485
40.4341
40.4261
40.4181
41.6997
40.4917
40.5253
41.7589
40.5509
40.4949
41.7285
40.5621
40.5541
41.7941
41.8277
40.6613
41.8533
40.6389
40.5829
43.0645
41.8981
40.6485
40.6821
40.7157
40.7077
40.6997
40.6853
40.7189
40.7525
40.7509
40.7845
40.8181
42.0517
42.0373
42.0229
42.0085
41.9941
40.7381
41.9237
41.8677
41.8117
43.0389
43.0245
43.0101
42.9957
41.7397
41.7253
41.7109
40.4965
40.4405
41.6261
41.5701
41.5557
41.5413
41.5269
41.5125
41.4981
41.4837
41.4693
42.6549
41.4405
41.3845
41.3701
41.3141
40.2288
42.5306
41.3162
42.5018
41.2874
42.473
41.2586
41.2442
41.2298
40.1792
42.5648
41.3504
41.336
41.3216
41.3072
41.2928
41.2784
41.264
41.2496
40.6336
41.8602
40.6048
41.7904
40.576
41.7616
41.7472
41.7328
41.6762
41.7034
40.4064
41.5914
40.377
41.521
41.5066
41.4922
41.4778
41.4634
40.249
41.393
41.2954
41.3226
40.1082
41.2522
41.2378
41.2234
41.209
41.1946
41.1802
41.1658
42.393
41.1786
41.1642
41.1498
41.1354
41.121
41.1066
42.2922
41.0778
41.0634
41.049
41.0826
41.1226
41.1626
42.4026
41.2426
41.2826
42.481
41.3146
42.5482
41.3882
41.4282
41.4682
41.5018
41.4874
41.4794
41.4778
41.5114
41.5514
41.5978
41.6442
41.6906
41.737
40.6794
40.7258
40.8074
40.8474
40.8394
40.8794
40.9194
40.9594
40.945
41.0202
41.0538
42.2938
41.0442
41.0426
41.0346
41.0746
41.1146
41.1066
41.0506
41.0362
41.0218
42.2074
40.993
43.3786
43.3642
42.1082
42.0522
40.7962
40.7818
41.9674
41.953
41.9386
41.8826
41.8682
41.8122
40.5978
41.7834
41.769
41.713
41.6986
41.6842
41.6698
40.4138
41.5578
41.5018
41.4874
41.473
41.5002
41.4858
41.4298
41.457
41.401
40.145
41.3306
41.3162
41.5936
41.5792
40.4064
40.392
41.5776
41.5632
40.3488
40.2928
41.4784
40.264
40.208
41.2548
41.2532
41.2388
41.1828
41.21
41.3268
41.2292
41.1732
42.4004
42.386
42.3716
41.1988
42.3012
42.2868
41.114
42.2164
42.202
42.1876
42.1316
42.1588
42.1444
42.13
40.9156
42.0596
42.0036
41.9892
43.1748
41.9604
41.946
43.1316
41.9236
41.9636
42.0036
42.0436
40.9316
40.93
41.0116
41.01
41.0916
41.09
41.1716
41.1764
41.2644
41.2692
41.3508
42.5556
41.4436
41.442
41.5236
41.522
41.6036
41.6084
42.8964
41.7012
42.9892
41.8356
40.682
40.6868
40.7332
40.7796
40.874
40.8852
40.9796
40.9844
41.066
41.0644
41.146
41.1508
41.2388
41.2436
41.3252
41.3236
41.4052
41.4452
41.4852
41.5252
40.4196
40.4724
40.5668
40.626
40.714
40.7604
40.8484
42.1364
40.9892
41.0228
41.0212
42.3092
42.3908
42.3892
41.2708
41.3172
42.6052
41.4516
41.498
41.538
41.6132
41.5572
41.5908
41.5348
40.3684
41.602
40.3876
40.3732
41.5172
41.5028
40.2052
41.3908
41.3764
41.3204
41.3476
41.3332
41.3188
41.3044
40.0484
41.1924
41.178
41.1636
41.1492
41.1348
41.1204
41.106
41.0916
42.2356
42.2212
41.0068
42.2799
42.3071
41.0511
42.1945
42.1385
42.1657
42.1513
42.0953
42.1225
42.1081
40.9199
42.0633
42.1518
42.1374
40.9774
41.9294
41.9214
43.107
41.8926
41.8782
42.9806
42.9662
41.7518
41.779
40.571
40.611
41.8446
40.4388
41.5822
41.5678
42.7118
41.4974
42.731
41.523
40.315
40.3838
40.2862
41.5134
41.3134
41.3406
41.3262
41.3118
41.2974
41.3246
40.0686
41.2542
41.2814
42.4254
41.211
42.355
42.3406
42.3262
42.2702
42.2558
42.2894
41.123
42.315
41.107
41.1406
41.1742
42.4142
41.1998
41.2398
41.2318
41.2654
42.5054
41.339
41.331
41.3294
41.363
41.355
41.3886
41.3806
41.4142
41.4542
41.4462
41.4798
41.4718
41.5054
41.4974
41.5374
41.5358
41.5758
41.5742
41.6142
41.6062
41.6398
41.6318
41.6654
41.6574
41.7038
41.7502
41.7902
41.8302
41.8702
41.9102
40.7982
40.8446
40.9326
41.027
41.0734
41.1614
41.2078
41.2958
41.3422
41.4238
41.4702
41.5582
41.6526
41.699
41.7806
41.827
41.915
41.9614
42.0494
40.8958
40.9902
41.0366
42.283
41.1294
41.1758
41.2222
41.2686
41.315
40.107
40.1534
41.4606
40.259
41.5054
41.5038
41.5566
40.3966
40.3886
40.435
41.6814
41.7758
40.5262
40.5118
40.5166
40.5566
41.7966
40.6366
40.6286
40.6686
40.7086
40.6526
40.6926
40.6846
40.7246
40.7646
40.7982
42.0382
42.0213
41.9717
40.8117
42.9059
43.0484
41.8947
43.1347
40.7267
41.9667
40.7587
40.7355
40.7691
42.9112
44.1032
41.7432
41.7064
40.5944
40.6408
40.6392
41.8792
40.7256
41.435
42.6877
41.5341
43.8782
42.6702
43.9102
41.5438
42.7838
41.5758
42.8094
41.6014
41.6414
40.4334
40.4318
41.4261
41.4244
42.6644
41.546
41.4964
41.5434
41.5834
41.6234
40.2516
41.3419
41.4235
41.3739
41.3595
41.3451
41.2955
41.3291
41.3275
41.3131
41.3051
41.2971
42.4411
41.2267
41.1707
41.2107
40.3003
41.3392
41.3248
42.4624
40.0544
40.0534
42.1984
42.3344
42.368
41.1184
42.3941
40.0042
42.2341
42.2613
41.1141
41.0581
41.0021
40.9461
42.1317
41.1514
42.259
42.1498
40.936
42.121
41.027
42.171
40.915
43.3422
41.0839
40.9753
40.9187
43.3043
42.1987
42.1427
42.0867
42.0307
43.2163
42.0019
40.902
42.0344
43.22
41.964
41.908
41.852
41.8792
41.8232
41.8088
40.8067
41.9923
40.7363
40.7219
40.6659
41.8099
40.6371
40.5811
40.5667
41.7523
40.4963
41.6819
40.596
40.5816
41.7672
40.5528
40.5384
41.724
41.7096
41.6536
41.5976
41.5416
41.5688
42.7128
41.54
41.5256
41.5112
41.4968
40.2408
41.3432
41.3288
41.3144
42.5
42.4856
42.4712
42.4568
41.2424
41.1864
41.172
41.116
41.1432
42.2872
41.0728
41.0584
42.2856
42.2296
42.2152
42.2424
42.1864
42.172
42.1576
43.3432
42.1288
42.1144
42.0584
42.044
42.0712
42.0152
42.0008
41.9864
42.0136
41.9992
41.9848
41.9704
41.956
41.9416
41.9272
41.9128
41.8568
41.8424
41.828
41.8136
41.7992
41.7848
41.7704
40.556
40.5416
41.7272
41.7128
40.4984
40.484
40.4696
40.4552
40.4408
40.4264
40.412
40.3976
41.5832
41.6104
41.596
41.5816
41.5672
41.5528
41.5384
41.524
41.5096
41.4952
41.4392
41.4248
41.4104
41.396
41.3816
41.3672
41.3528
40.1384
42.524
41.3512
42.4536
41.3224
41.308
41.3
41.388
41.428
41.468
41.46
41.5
41.492
41.5256
41.5656
41.612
41.7064
40.5528
40.6472
41.9352
40.7272
40.8152
40.8552
40.8952
40.9352
41.8493
40.6957
41.9837
41.9278
42.0158
42.0142
42.0958
42.1421
40.9886
41.0221
42.1661
42.2125
41.1005
41.1469
43.5326
42.2894
42.3358
41.2781
41.3853
41.3901
42.3805
41.2333
41.3341
42.4589
42.5469
41.3581
40.2109
41.4509
42.6052
41.4036
41.4429
40.2836
40.3364
41.5277
40.3805
40.4141
40.4541
41.3209
41.3609
41.4075
41.3996
40.6139
42.6315
42.6715
41.5051
41.4971
40.4337
41.6251
41.6171
40.1702
40.1622
41.3542
41.4288
42.6688
41.4128
40.3605
42.5904
40.0928
41.3333
41.2709
40.118
40.1036
41.2476
41.1916
41.2796
40.262
40.1104
41.106
41.0913
42.2763
42.2203
40.9643
40.9083
40.8523
40.1353
41.2261
42.2633
42.2553
42.2409
40.9849
40.9289
42.0729
40.0042
40.0516
40.0372
42.035
42.0206
41.9646
42.0462
42.0446
41.9886
40.0759
41.2153
40.0495
41.9507
41.9363
42.0179
40.7203
41.9059
40.7043
41.2402
41.1732
41.8738
41.8594
41.852
41.796
40.636
41.6776
41.6216
41.1975
41.2247
41.7895
40.5757
41.7191
41.7047
41.7523
40.4963
40.4819
42.3964
41.182
41.7052
41.6492
40.518
41.6204
42.7644
40.4126
40.3982
41.6248
41.5688
40.3544
42.6568
41.4008
41.3864
41.372
41.3576
41.5549
41.5405
41.5261
40.2708
41.4148
40.1172
40.1028
40.13
41.3156
40.1012
40.0868
41.2724
41.1748
41.1188
41.1044
41.1316
41.0756
42.2612
42.2468
41.074
42.218
42.1613
42.1885
42.1325
42.1181
42.0621
42.0477
42.0333
42.0605
42.0045
41.9901
41.9757
41.9613
41.9469
41.9325
41.9181
41.9037
41.8893
41.8749
41.8605
41.8461
41.8317
41.8173
41.8029
41.8301
41.7741
41.7597
41.7869
42.9725
40.5645
40.6045
40.5965
40.6301
40.6701
40.6621
40.6957
40.7357
40.7277
41.9613
40.8013
40.8349
40.8685
40.8605
40.9005
40.9341
40.9261
40.9661
40.9997
42.1917
41.0317
41.0781
41.1181
41.2061
41.2525
41.2989
40.1933
40.2525
40.2989
40.3933
40.4525
40.4989
40.5869
40.5981
40.6445
40.7325
40.7725
40.8189
42.1069
40.9469
40.9933
42.2813
41.1213
41.1549
41.1469
42.9443
41.7779
41.8595
41.8099
41.8435
43.0835
41.8691
41.8547
40.6531
41.8451
40.6371
40.6291
40.6627
40.7027
40.7363
40.7635
43.2035
41.9955
41.9875
40.7795
40.8131
42.0051
42.0451
40.8723
40.8227
40.8563
42.0483
43.3299
42.1635
40.9555
40.9411
42.0435
40.8707
42.0563
43.2003
41.9859
44.3715
41.9155
41.9011
40.6867
41.8307
41.8163
41.8019
41.7875
41.8147
41.8003
42.9443
41.7299
40.5155
41.6595
41.6451
41.6307
41.6163
41.6435
41.5875
41.5731
41.5587
41.5443
41.5299
41.5155
41.5011
41.4867
41.4723
41.4579
41.4435
41.4291
41.4563
41.4003
41.3859
41.3715
41.3571
41.3427
41.3283
41.3139
41.3475
41.3459
41.3795
41.4195
40.2115
40.2035
41.4851
40.2771
40.3171
40.3091
40.3427
40.3763
41.5747
41.6083
41.6419
41.6403
41.6739
41.7075
41.7059
41.7395
41.7731
41.7715
41.8051
41.8387
41.8371
41.8707
41.9107
41.9219
40.7619
40.7603
40.7587
42.0531
42.0515
40.9043
42.1443
40.9843
42.1475
42.2483
41.0467
41.0451
41.1395
41.1379
41.1363
42.4307
41.2707
41.2275
41.2611
41.3011
41.2931
42.236
42.3176
41.1096
41.1432
41.1352
42.3208
41.1608
41.2008
41.2952
41.3352
41.4232
41.4696
41.5096
41.5496
41.6376
42.3112
42.3992
41.2392
41.2312
40.0648
41.3592
42.6536
41.452
41.5944
41.5928
40.4872
40.4376
40.388
40.3864
41.6136
40.3576
40.3432
40.3288
40.3144
41.5
40.244
40.188
40.0904
41.1928
42.3368
42.3224
41.108
41.0936
41.0792
41.0232
40.9256
40.828
41.9304
41.8744
44.26
43.0456
43.0312
43.0168
41.7192
40.4216
40.324
41.468
41.4536
41.4392
42.6248
41.4104
40.1544
40.38
40.2824
41.3848
42.612
41.356
41.3
42.5272
41.2712
41.2568
41.1592
40.2097
40.1427
42.4861
42.4717
41.2573
41.2429
41.2285
41.1309
41.0333
40.9773
41.2578
41.2018
41.229
42.373
42.3586
41.1026
41.0466
40.9906
40.9762
40.9202
42.3591
42.3031
42.2887
42.2743
41.0599
40.9623
42.1895
42.1335
42.1191
42.2748
41.0194
42.1628
43.3484
40.8924
43.278
42.0636
42.0492
42.0348
40.7788
41.9644
41.95
43.1356
41.9212
43.1068
41.8924
41.878
41.8636
41.8492
41.8348
41.8204
41.7644
41.7916
41.7772
41.7628
41.7484
41.6924
41.678
41.6636
41.6908
41.6764
41.662
41.606
41.6332
41.6188
41.6044
41.59
41.5756
41.5196
41.5468
41.5324
41.4764
41.5036
41.4892
41.4748
41.4604
41.4044
41.4316
41.4172
41.3612
41.3884
41.3804
41.4204
41.4604
41.4524
41.486
41.526
41.5596
41.5932
41.5852
41.6252
41.6652
41.6572
41.6908
41.6764
41.662
41.6956
41.6876
41.7276
41.7612
43.0012
41.7932
40.5852
40.6252
40.6652
41.9052
40.7868
40.7788
41.9708
42.0108
40.8444
42.0844
40.8764
41.7202
43.0081
41.8001
41.7857
41.7713
42.9985
41.7425
42.9281
42.0049
42.0801
40.8727
42.0577
42.0433
42.887
41.6726
42.8582
41.6022
41.6294
41.615
40.6854
43.1542
41.8982
41.8838
42.7948
41.6284
41.5724
41.5996
41.646
41.59
41.726
41.67
41.6972
41.6412
41.6684
41.654
41.598
41.6252
40.5394
41.7724
41.6748
41.702
41.6588
41.686
41.63
41.6572
41.6428
41.5868
41.614
41.5996
41.5436
41.5708
41.5148
41.542
41.486
41.5132
41.4572
41.4844
41.4284
41.4556
42.2636
41.1388
41.0418
41.1292
41.5692
41.6092
41.6492
41.6892
41.7292
41.7692
41.1436
42.3292
41.1276
41.1612
41.2012
41.2476
41.3356
41.3756
41.4636
40.9378
40.9836
42.0732
40.9676
41.062
41.1564
41.2508
41.3452
40.7932
41.9436
40.8508
40.7276
42.0348
40.942
41.0428
41.1372
41.19
41.6844
40.5372
40.638
42.7996
40.4876
40.5404
40.6348
40.6876
40.782
42.1372
42.1772
40.982
42.6764
42.7708
42.8172
42.8636
41.7036
41.6476
41.646
41.686
41.726
41.7244
40.606
41.846
40.638
40.6716
40.67
41.91
40.702
40.7484
40.7404
40.7804
40.8204
40.8124
40.894
40.886
40.926
40.9724
40.9644
43.4044
41.086
41.0364
42.318
42.31
41.1436
41.19
41.1884
41.222
42.4684
41.302
42.5356
42.534
42.5676
42.6076
41.454
42.6876
40.286
41.478
40.27
41.5516
40.3436
40.3836
40.4236
40.4636
41.7452
41.7372
40.4812
40.4732
40.4588
42.8988
41.6908
41.6828
42.8748
40.4668
41.6524
42.8028
41.63
41.622
41.6076
41.5516
40.254
41.4396
41.3836
40.1276
41.2716
41.2572
41.2428
41.1868
41.1308
41.0748
41.0604
41.0044
40.9068
42.0924
40.878
40.8636
42.4945
40.0385
42.2438
42.2294
40.9318
40.9174
42.103
42.047
40.8326
40.7766
42.2571
42.2011
40.9035
43.2475
42.0331
42.0187
42.0043
41.9899
41.9339
41.8779
40.9168
40.8192
40.8048
40.7904
40.776
41.9616
40.7472
40.6912
42.0885
40.8325
43.1765
41.9621
40.7477
40.7333
40.7189
41.9045
40.6901
41.8341
40.5365
41.7221
42.9077
44.0933
42.8789
41.6645
41.6501
41.6357
40.3381
40.2405
41.4261
41.4117
41.3973
41.3829
41.3685
41.3541
41.3397
40.0837
41.2277
41.2133
41.1989
41.1429
42.3701
42.3557
41.1413
41.0853
42.2709
42.2149
42.2421
42.2277
42.2133
42.1989
42.1845
42.1701
42.1141
42.0997
42.0853
42.0709
42.0565
42.0421
42.0277
42.0133
41.9989
41.9845
41.9701
40.7557
40.6997
40.6853
40.6709
41.8565
40.6421
41.8277
40.6549
41.8405
40.6261
41.8117
41.7973
41.7829
41.7685
41.7541
41.6981
41.6837
41.6693
40.4549
40.3989
40.3845
40.3701
41.5557
41.5413
41.5269
41.5125
41.4981
41.4837
41.4693
41.4549
41.4405
41.4261
41.4117
41.0272
42.225
42.2778
41.16
42.3035
41.144
42.3354
41.121
42.3066
42.353
41.1802
42.3658
42.3578
41.1856
41.1712
42.3146
42.3002
42.2858
42.2714
42.2986
41.0842
41.0698
41.097
42.1226
42.1146
42.1546
40.9946
43.1754
42.009
40.8426
40.841
40.8746
41.8618
40.7018
40.7418
40.7754
40.761
40.7946
40.7866
40.785
40.8666
40.865
40.489
40.4874
40.6298
40.7178
41.9642
40.8522
42.0922
40.9386
42.137
40.977
41.065
41.105
41.1642
41.2522
41.2506
41.3802
41.3786
40.2794
40.3258
41.6202
40.4602
40.5002
40.4986
40.6474
40.6394
41.8986
43.193
42.033
40.777
40.769
42.0506
42.0842
40.8762
42.129
42.1274
42.161
42.1946
42.1866
42.2266
42.2666
42.3066
42.305
41.1994
41.2938
40.0986
40.1322
41.3306
41.3642
41.4042
41.4442
40.2906
41.5722
40.3578
42.7434
41.5706
41.5146
41.5002
41.4858
41.4714
41.457
41.4426
41.3866
41.3722
41.3162
41.3434
40.0874
41.273
41.2586
41.2026
41.2298
41.1738
41.201
41.2447
41.2303
40.0831
42.4021
42.4004
41.186
41.1716
43.5156
42.3428
41.0868
41.0724
41.058
41.0436
42.2708
41.0148
41.0004
42.186
42.1716
41.1657
41.2057
42.4393
41.1833
41.2713
41.2153
41.2905
40.1247
41.3161
41.3503
41.2937
41.2377
41.2649
41.3113
41.3385
40.1311
41.2745
41.2601
42.4937
41.2857
41.3193
41.2697
41.3449
41.2953
40.1705
40.1209
40.1961
40.1465
41.4217
41.3657
40.1929
41.3849
40.2185
40.2105
41.4441
40.2361
41.4697
40.2617
40.2953
40.2873
40.3209
40.3129
40.3465
41.5385
40.3721
41.5577
40.3977
41.6377
40.4777
40.5657
41.0089
41.0905
41.0889
41.1705
41.1689
42.4505
41.2489
41.5065
41.5049
41.4905
40.3305
40.3705
40.4105
40.4505
40.4905
40.5305
40.5705
40.6105
41.8505
40.6905
41.9305
43.1641
40.7977
40.7961
42.0777
42.1177
41.6815
42.8249
41.6649
40.4569
40.4969
40.5369
40.5225
40.5561
41.8377
40.5817
41.4543
40.2879
41.4286
42.6558
41.3998
41.4334
41.4254
40.259
40.2926
41.5262
41.4766
41.5038
41.4894
41.4814
42.715
40.307
40.299
40.2846
41.5182
40.3102
41.4958
41.523
41.515
41.5486
41.5886
41.5742
41.5662
41.5582
41.5854
41.571
41.5694
41.651
41.6494
41.7374
41.7294
41.8174
41.8094
41.891
41.9374
42.0254
42.0718
40.9662
41.0542
41.0942
41.0862
41.1742
41.2206
41.3086
41.355
41.443
42.731
42.771
41.563
41.555
42.8366
41.6286
41.6686
41.7086
40.5006
40.5406
40.5806
40.6206
40.6542
41.8462
40.6862
40.7742
40.8078
40.7582
42.0334
40.7774
40.763
40.7966
40.795
42.0766
40.8686
42.0606
40.907
42.0926
42.1326
40.9246
41.8771
41.8083
42.9945
41.7865
40.6201
40.6057
41.7497
41.8249
41.7689
41.8344
41.8264
40.5108
41.6964
41.789
41.7746
41.7186
41.7042
41.6898
41.6754
40.4194
40.4797
41.4681
42.9047
40.4487
40.4759
40.4199
40.4055
41.5911
41.5351
40.2791
40.2647
41.4503
41.5644
41.5084
41.494
41.4796
41.4652
41.4508
41.3948
41.3804
41.366
40.11
41.2956
42.4812
41.2668
41.2524
41.238
42.4236
41.1676
42.3532
41.1388
42.3244
42.31
42.3372
42.3228
42.2668
42.2524
42.238
40.982
42.1676
42.1532
42.1804
42.1244
42.11
42.0956
42.1228
42.0668
42.0524
40.8796
42.0236
42.0092
43.1948
42.022
41.966
41.9516
44.3372
43.1644
41.9084
41.894
41.9212
41.8652
41.8508
41.878
41.8636
41.8492
41.7932
41.7788
41.806
41.75
41.7356
41.7628
40.4652
41.6924
40.478
40.4636
40.4076
40.4348
40.4204
41.5644
41.6332
41.5772
41.6108
41.6444
41.6428
41.6764
41.71
41.7084
41.742
40.4924
40.526
40.566
40.558
40.5916
40.6316
40.6236
40.6508
40.6908
40.6828
40.7164
40.7564
41.9484
41.982
42.0284
42.0684
40.9921
40.9783
42.1761
41.0705
41.1169
41.1569
41.1969
41.2433
40.1313
40.1713
40.2113
40.2513
40.2849
40.3249
40.0967
41.3361
40.1703
40.2039
41.3473
40.1873
40.2209
41.4129
40.1985
41.2881
42.4737
41.3553
41.3057
40.0919
41.2353
41.2625
41.2545
42.3985
41.1841
42.3894
41.175
41.1606
42.3526
42.351
42.3366
41.1222
42.3078
41.0934
41.0374
41.2214
41.207
41.2342
42.3782
41.1766
41.1622
41.1543
41.1815
41.1798
41.207
41.1926
41.1782
42.3638
41.1494
42.2934
42.5158
42.543
41.3414
41.3686
41.3606
40.1942
41.3862
41.4198
40.2598
40.2518
40.2854
40.2774
40.311
40.303
40.3366
41.5286
40.3622
40.4022
40.3878
41.6214
40.4134
41.647
41.639
40.4726
41.6646
41.6982
40.5382
40.5302
40.5638
41.7558
40.6374
41.8422
40.7302
41.935
40.775
40.8694
40.9094
40.9494
40.9894
41.0294
41.3734
41.4198
41.4598
40.2998
41.4918
40.367
40.3174
40.3926
40.391
40.4726
40.4774
40.5782
40.6246
40.671
40.711
40.751
40.791
40.831
40.871
42.0982
40.8422
40.8694
40.8134
40.847
40.8806
42.0726
40.9062
42.0982
40.9318
42.1718
42.1638
40.9558
41.4886
40.2806
43.1884
41.9324
41.918
41.9452
43.0892
41.8748
41.8604
41.846
41.8316
41.8172
41.7612
41.7468
41.7324
42.918
41.662
41.6476
42.8748
41.6188
41.646
42.79
42.8172
41.5612
41.5468
40.2908
42.718
42.7452
41.4892
42.7164
42.702
41.446
41.4316
41.3756
41.4028
41.3884
41.374
41.3596
41.3452
41.3308
41.3164
41.302
41.2876
41.2732
41.2588
41.2444
41.23
41.2156
41.2012
41.1868
41.1724
41.158
41.1436
41.1292
41.1148
41.1004
41.086
41.0716
41.0572
41.0428
41.0284
41.014
42.206
42.246
41.086
41.126
41.166
41.206
41.246
41.286
40.126
40.1244
40.206
40.2588
40.3532
40.3996
40.4812
40.5276
40.6156
40.662
40.75
40.7964
40.8844
40.9372
41.0316
41.0844
41.1724
40.8033
41.9953
40.8417
40.9297
40.8609
42.0529
40.9057
41.0001
41.9617
40.7953
40.8353
41.9249
40.7585
43.0897
40.6817
40.6737
40.7073
41.7553
41.7409
42.8785
42.8225
40.4081
44.0198
41.5638
41.5494
41.4934
42.679
42.623
41.4502
41.3942
41.4214
40.1654
42.5926
41.4235
42.6507
41.3947
41.2971
41.2827
41.3099
41.2955
42.4811
41.2667
41.2523
41.2379
41.2235
41.2091
42.3531
41.1387
41.1243
42.3515
41.0539
41.0395
41.0667
41.0107
42.2379
43.3819
42.2091
42.1947
40.9387
40.9659
42.1515
40.9371
40.8811
40.8667
43.672
42.4992
41.2016
41.2288
41.1728
41.2
41.192
41.232
42.5072
42.4576
41.2912
42.5312
41.3648
41.3088
41.3424
41.3344
41.368
41.36
41.3936
41.4272
40.479
40.512
40.504
40.5376
40.5296
40.5632
40.5552
40.5888
40.5808
40.6144
41.8064
40.6944
40.6992
41.9456
40.792
40.832
40.872
40.5664
40.6064
40.6464
40.6864
41.9328
40.7792
40.8192
40.8528
40.8448
40.8784
40.8704
40.904
40.896
40.984
41.0304
41.1184
41.1648
41.2464
43.7344
41.3328
41.4208
42.7152
41.6032
41.6016
41.6768
41.6272
41.7024
41.6528
41.68
41.6656
41.6576
41.6848
41.6288
41.6144
41.6
40.344
42.8128
41.5568
41.5424
41.4448
41.472
42.6576
42.6432
41.4288
41.4144
41.4
41.3856
40.1296
41.2736
41.3008
41.2864
41.2304
41.216
41.2432
41.2288
41.1728
41.2
41.1856
41.1712
41.1984
41.184
41.128
41.1136
41.0992
41.0432
41.0704
41.056
41.0832
41.0272
42.2128
40.9984
40.984
40.9696
40.9552
40.9408
40.9264
40.912
40.856
40.9248
42.0272
42.096
42.04
42.0256
42.0112
41.9968
40.7824
41.968
40.7536
41.9392
40.7248
40.7168
40.7088
40.7424
40.7344
40.768
40.76
40.7936
41.9856
42.0192
42.0112
42.0448
42.0432
41.1691
41.215
41.2902
41.2886
41.383
41.375
40.3173
41.5573
40.3979
40.4373
41.671
40.5173
40.5099
41.7622
41.7957
41.7877
40.6149
40.5589
40.4971
41.6405
40.4805
40.4181
41.5557
40.3893
41.5333
41.4293
40.2155
40.1179
41.3093
40.1013
40.1349
41.1765
40.0101
41.1483
41.1755
41.0363
42.1797
42.2069
40.9989
42.1909
42.2661
42.0661
43.5056
41.0912
40.963
42.1434
40.9706
40.969
43.2106
41.9962
43.1402
43.1674
41.953
40.7802
41.9658
41.8682
41.8544
41.7978
41.7834
41.769
41.7546
43.0687
41.8543
41.8399
41.8255
40.5695
42.7695
41.5551
41.5407
42.7679
42.7119
41.5391
41.4415
41.5103
41.4127
41.4399
42.6255
41.3695
41.4383
41.3407
41.3679
42.5951
41.3391
41.3247
41.3103
41.2959
42.5231
41.2671
42.4527
41.2799
41.2239
41.2095
41.1951
41.1807
41.2079
41.1519
42.3791
42.3231
42.3503
42.2943
42.3215
42.2655
42.2927
42.2367
42.2639
42.2559
42.3375
41.0815
42.3631
41.1071
42.3887
41.1327
41.1247
41.1583
41.1983
41.1839
41.2175
41.2095
41.2431
41.2415
41.2335
41.2671
41.2591
41.2927
41.2911
41.3727
41.3711
41.4591
41.5055
41.5935
41.6399
41.7343
41.7871
41.8815
41.9343
42.0223
42.0687
42.1503
42.1967
41.0847
41.0831
41.1711
41.2239
40.1119
41.3583
40.2463
40.2927
40.3807
41.6687
41.7087
41.5311
41.5295
41.6111
41.6095
41.6847
41.6831
41.7167
41.7567
41.7967
41.8751
41.5292
41.479
42.719
41.511
41.5446
41.5302
41.5158
42.7014
41.487
41.4726
40.2434
42.6348
42.6683
40.2123
40.1563
40.1419
41.3275
42.5131
41.2571
41.2427
42.4283
42.4945
41.2801
41.3136
41.2576
42.4496
41.2352
41.2208
41.2672
41.2528
43.5968
42.3824
41.168
41.112
42.2976
42.3248
41.0688
41.0544
42.24
43.384
42.1696
42.1552
40.9824
40.9264
42.1536
40.8976
40.8832
42.0688
42.352
41.1376
41.1232
41.1088
41.0528
42.1909
42.1765
42.1205
42.1477
42.1397
42.1733
42.1589
42.1445
43.3301
42.1157
42.0597
42.0869
43.1893
42.0581
41.9605
42.0293
41.9317
42.0005
41.9029
41.9301
41.8741
41.9013
41.8453
41.8725
41.8581
41.8437
41.8293
41.8149
41.8005
41.7861
41.7717
40.5637
40.5973
40.5893
40.6229
40.6149
40.6485
40.6405
40.6741
40.7141
40.7541
40.7941
40.8341
40.8741
40.9621
41.0085
41.0965
41.1429
41.2309
41.2773
41.3653
41.4117
40.2933
40.3397
40.4277
40.4741
40.5621
40.6085
40.7029
40.7557
40.8501
40.9029
40.9973
42.2917
42.3381
41.1365
41.1829
41.2357
41.2757
41.2613
41.2597
41.3477
41.3525
40.2469
40.2933
41.5877
40.3381
40.3301
40.3285
41.6165
40.4149
40.4965
40.4885
40.4805
40.5141
41.6997
41.6853
41.6773
40.4213
41.6133
40.4117
40.4037
41.721
40.5616
40.5536
41.6971
41.7243
40.4747
40.5147
40.5067
40.4987
40.4843
41.7183
40.4629
41.6545
41.6944
42.9344
42.8304
42.8224
41.608
41.5936
40.3382
41.4816
40.2736
42.6597
40.2517
41.3829
42.7497
40.3353
41.5689
40.2123
41.3557
41.3834
41.4234
40.2154
41.3056
41.249
41.2346
41.251
40.0372
41.1812
41.1732
42.4132
41.2468
42.2814
42.267
42.2174
41.003
42.1412
42.1326
40.8766
40.8206
41.1215
42.3071
41.0927
41.0783
42.2217
40.9663
42.1519
42.0959
40.8815
42.0671
43.4228
42.1252
42.1108
40.8971
41.9988
41.9844
41.9284
41.914
41.8996
41.8852
41.8708
41.8564
41.8836
41.8276
41.8132
42.9988
41.7844
42.97
42.9556
41.7412
41.7268
41.754
41.698
41.6836
41.6692
41.6548
41.6404
41.626
41.6532
41.5972
41.5828
41.61
41.554
41.5396
41.5668
41.5108
41.4964
41.5236
41.4676
41.4532
41.4804
41.4244
41.41
41.4372
41.3812
41.3668
41.394
41.338
41.3236
41.3508
41.2948
41.2804
41.3076
41.2516
41.2372
41.2644
41.2084
41.242
41.2756
41.2676
41.2596
41.3412
41.3332
41.3732
41.4068
41.4052
41.4932
41.5332
41.5796
40.4676
40.4596
40.506
40.6004
40.6948
40.7892
40.8836
40.978
41.0724
41.1124
41.2004
41.2948
41.3892
42.121
42.161
41.0554
41.1434
42.2842
41.1786
41.273
41.3194
41.2768
41.3168
41.369
42.6154
40.208
41.3994
41.385
41.4122
41.3978
40.1002
41.2442
41.1882
42.3738
40.0042
41.2191
42.3215
41.1487
41.1343
41.0783
40.9807
40.9663
40.9103
41.1844
41.1284
43.5332
42.3604
41.1044
41.09
41.0756
41.0196
41.2093
41.1002
42.2621
42.297
42.2889
41.0329
41.0601
41.0457
40.9481
42.1337
42.287
41.031
43.4179
42.2099
43.4499
42.2355
42.2211
42.1651
42.1507
42.0531
40.0131
42.1336
42.18
43.372
42.212
42.2392
42.2792
40.878
42.0174
41.9614
40.7598
41.9032
41.8952
41.8808
41.8728
41.9128
40.74
40.6014
40.5454
42.8472
41.6328
42.7768
41.5624
40.3486
40.2926
40.2366
40.1806
40.083
41.2264
41.1704
42.3976
41.1422
42.3272
41.0718
41.0158
40.9182
40.8622
42.0472
41.9912
42.0184
41.9624
41.948
41.892
40.595
41.6968
41.724
41.668
40.4952
40.4456
40.5208
40.3278
40.3192
40.1742
40.124
40.2056
41.3016
40.1832
40.1816
40.2632
41.196
41.0926
41.084
41.124
41.164
41.1976
42.1368
41.0248
41.0712
40.811
40.7608
40.8072
41.884
40.7304
40.812
40.6472
40.6392
40.6792
40.4318
40.4712
40.4696
40.5448
40.5432
40.6248
40.6168
41.4536
40.1918
41.2936
40.1752
40.1672
40.2008
40.1928
41.3784
41.2072
40.2169
41.3187
40.1587
40.1507
40.1363
40.1699
40.1555
41.2995
40.0915
41.3436
42.5292
41.2732
41.2588
42.4508
42.4364
41.1804
42.414
41.158
41.1436
42.3356
41.1895
42.3745
42.4081
42.3521
42.3377
41.1297
42.3153
43.5009
42.2449
42.3462
43.5734
43.559
42.3036
42.2892
41.0748
42.2188
41.0044
42.19
43.4172
43.3196
42.1052
43.2908
42.0764
40.9164
42.1761
40.9201
40.9185
40.9521
40.9921
41.0321
41.0241
41.0161
41.0913
41.0417
41.0273
41.0961
40.9985
41.0257
41.0113
40.9969
42.1825
40.9681
40.9537
42.1393
42.1249
42.1105
42.0961
42.0817
42.0673
42.0113
42.0801
42.0241
42.0097
41.9953
41.9809
41.9665
41.9521
41.9377
41.9233
41.9089
41.8945
41.8385
41.8657
41.8513
41.8369
41.8225
41.8081
41.7937
41.7793
41.7649
41.7505
41.7361
41.7217
41.7073
41.6929
41.6785
41.6641
41.6497
41.6353
42.8273
41.6609
41.6529
41.6865
41.7265
41.7185
41.7521
41.7441
41.7777
41.7697
41.8033
41.7953
41.8353
41.8753
41.9153
41.9553
41.9953
42.0353
40.8273
42.0673
40.9073
42.1473
41.0353
41.0817
41.1697
41.2097
42.5585
41.4113
41.4513
41.5041
41.5985
41.6513
41.7457
41.7985
41.8929
41.9393
41.9729
42.0193
42.1073
42.1121
40.9521
40.9569
41.0449
41.0497
41.1313
42.3169
41.1153
41.1137
42.3889
41.1393
42.4145
41.1649
42.3985
42.3425
42.3345
41.1681
42.3537
42.3457
42.3377
42.3713
41.2049
41.1073
42.3409
42.3329
41.1185
42.3937
42.3857
41.1713
41.1633
41.1969
42.3825
41.1745
42.3665
42.3105
41.1921
41.1361
42.3697
41.2033
41.1057
41.1809
42.3729
41.1585
42.3505
41.1841
41.1761
41.2097
41.1953
41.2289
41.2209
41.2065
42.3985
42.4321
43.6657
42.4577
41.2433
41.2353
42.3446
42.2886
42.3638
43.543
42.3286
42.3622
41.1542
42.3878
41.1318
42.215
42.2006
42.2406
41.0262
41.0118
42.239
43.383
42.2102
42.1958
42.1398
42.1254
43.311
42.0966
43.2406
42.0678
43.2534
42.039
43.2246
42.0102
41.9958
43.1814
41.967
41.9526
41.8966
41.9238
41.9094
41.8534
41.8806
41.8662
43.0518
41.879
42.9814
43.0086
42.9942
41.7798
41.7654
41.751
41.7366
41.7222
41.7078
41.6934
42.8374
41.6646
42.8502
41.6358
41.6214
41.607
41.5926
41.5782
41.5638
41.5078
41.5414
41.5814
41.5734
41.655
41.647
41.639
41.6726
41.7126
41.7046
41.7862
41.7782
41.7702
41.8518
41.8438
41.8358
41.9174
41.9094
41.9014
41.983
40.775
40.767
40.8006
40.799
40.8326
40.8662
40.871
40.911
40.951
40.9622
41.0022
42.2422
42.2534
42.2934
41.1334
41.1318
41.1238
41.1638
41.2518
41.2502
41.3382
41.3846
41.4246
41.5126
41.5526
41.647
40.5414
40.6358
40.7302
40.8182
40.8582
40.9462
41.0406
41.135
41.2294
42.5718
41.4118
41.4582
41.742
41.7404
42.9131
41.7467
41.6971
41.7307
41.7643
41.7627
40.5963
40.6363
41.7867
41.8331
40.5835
43.0299
41.8699
41.9099
