20.1284
20.0218
20.0394
20.057
20.0704
20.0839
20.0973
20.1108
20.1284
20.0218
20.0394
20.057
20.0746
20.088
20.1015
20.1149
20.0084
20.0218
20.0544
20.0615
20.1885
20.1908
20.193
20.1952
20.1975
20.1997
20.202
20.2042
20.2064
20.2087
20.2109
20.1508
20.1642
20.161
20.168
20.1703
20.1725
20.1748
20.177
20.1792
20.1815
20.1668
20.1802
20.0736
20.1306
20.1376
20.1399
20.1421
20.1444
20.1466
20.1306
20.144
20.0375
20.0551
20.0685
20.082
20.0954
20.1088
20.1264
20.0199
20.0375
20.0551
20.0727
20.0861
20.0996
20.113
20.0064
20.0199
20.0375
20.0551
20.0727
20.0903
20.1037
20.1172
20.0106
20.024
20.0375
20.0551
20.0727
20.0903
20.1079
20.1213
20.0148
20.0282
20.0416
20.0551
20.0727
20.0903
20.1079
20.1255
20.0189
20.0324
20.0458
20.0592
20.0727
20.0903
20.1079
20.1255
20.0189
20.0365
20.05
20.0634
20.0768
20.0903
20.1079
20.1255
20.0189
20.0365
20.0541
20.0676
20.081
20.0944
20.1079
20.1255
20.0189
20.0365
20.0541
20.0717
20.0852
20.0986
20.112
20.0055
20.0189
20.0365
20.0541
20.0717
20.0893
20.1028
20.1162
20.0096
20.0231
20.0365
20.0541
20.0717
20.0893
20.1069
20.1204
20.0138
20.0272
20.0407
20.0541
20.0717
20.0893
20.1069
20.1245
20.018
20.0314
20.0448
20.0583
20.0717
20.0893
20.1069
20.1245
20.018
20.0356
20.049
20.0624
20.0759
20.0893
20.1069
20.1245
20.018
20.0356
20.0532
20.1312
20.1383
20.1405
20.1428
20.145
20.1466
20.1648
20.1717
20.1899
20.0263
20.1698
20.1924
20.1949
20.0676
20.0548
20.1758
20.1999
20.0725
20.0818
20.0614
20.1901
20.0793
20.211
20.2203
20.3109
20.2043
20.2095
20.2229
20.1151
20.1238
20.3344
20.2237
20.3572
20.1306
20.1399
20.1575
20.1222
20.1398
20.1574
20.1666
20.1842
20.0777
20.0911
20.1087
20.1263
20.1398
20.1574
20.1708
20.0642
20.0777
20.0953
20.1087
20.1263
20.1439
20.1574
20.175
20.0684
20.0818
20.0953
20.1129
20.1263
20.1439
20.1615
20.175
20.0684
20.086
20.0994
20.1129
20.1305
20.1439
20.1615
20.1791
20.0726
20.086
20.1036
20.117
20.1305
20.1481
20.1615
20.1791
20.0726
20.0902
20.1036
20.1212
20.1346
20.1481
20.1657
20.1791
20.0726
20.0902
20.1078
20.1212
20.1388
20.1522
20.1657
20.0591
20.0767
20.0902
20.1078
20.1254
20.1388
20.1564
20.1698
20.1833
20.0767
20.0943
20.1078
20.1254
20.143
20.1564
20.174
20.1874
20.0809
20.0943
20.1119
20.1254
20.143
20.1606
20.174
20.0674
20.085
20.0985
20.1119
20.1295
20.143
20.1606
20.1782
20.0716
20.085
20.1026
20.1161
20.1295
20.1471
20.1606
20.1782
20.0716
20.0892
20.1026
20.1202
20.1337
20.1471
20.1647
20.1782
20.0716
20.0892
20.1068
20.1202
20.1378
20.1513
20.1647
20.1052
20.1122
20.1193
20.1215
20.1238
20.126
20.1647
20.0951
20.1345
20.0213
20.2801
20.1796
20.1347
20.0288
20.1609
20.1798
20.1355
20.1538
20.1464
20.164
20.0562
20.1896
20.0706
20.1648
20.29
20.3034
20.1885
20.0778
20.175
20.1884
20.1977
20.3228
20.1841
20.1934
20.2068
20.2244
20.1179
20.1313
20.1489
20.2211
20.3587
20.2521
20.1456
20.1632
20.1766
20.1942
20.2077
20.2211
20.2387
20.1321
20.1456
20.1632
20.1808
20.1942
20.2118
20.2253
20.1187
20.1321
20.1497
20.1632
20.1808
20.1984
20.2118
20.2294
20.1229
20.1363
20.1497
20.1673
20.1808
20.1984
20.216
20.2294
20.1229
20.1405
20.1539
20.1673
20.1849
20.1984
20.216
20.2336
20.127
20.1405
20.1581
20.1715
20.1849
20.2025
20.216
20.2336
20.127
20.1446
20.1581
20.1757
20.1891
20.2025
20.2201
20.2336
20.127
20.1446
20.1622
20.1757
20.1933
20.2067
20.2201
20.2377
20.1312
20.1446
20.1622
20.1798
20.1933
20.2109
20.2243
20.1177
20.1312
20.1488
20.1622
20.1798
20.1974
20.2109
20.2285
20.1219
20.1353
20.1488
20.1664
20.1798
20.1974
20.215
20.2285
20.1219
20.1395
20.1529
20.1664
20.184
20.1974
20.215
20.2326
20.1261
20.1395
20.1571
20.1705
20.184
20.2016
20.215
20.2326
20.1261
20.1437
20.1571
20.1747
20.1881
20.2016
20.2192
20.1379
20.0201
20.1472
20.1494
20.1517
20.1539
20.095
20.1085
20.1261
20.1353
20.2104
20.2239
20.2511
20.2645
20.3354
20.233
20.1396
20.1495
20.1421
20.1597
20.2306
20.1241
20.2713
20.1647
20.2315
20.2491
20.1342
20.1435
20.1748
20.1924
20.0776
20.1485
20.184
20.1933
20.2067
20.096
20.1094
20.1762
20.1938
20.2168
20.2344
20.1279
20.2655
20.1547
20.1723
20.1858
20.2034
20.221
20.2344
20.1279
20.1455
20.1589
20.1723
20.1899
20.2034
20.221
20.2386
20.132
20.1455
20.1631
20.1765
20.1899
20.2075
20.221
20.2386
20.132
20.1496
20.1631
20.1807
20.1941
20.2075
20.2251
20.1186
20.132
20.1496
20.1672
20.1807
20.1983
20.2117
20.2251
20.1186
20.1362
20.1496
20.1672
20.1848
20.1983
20.2159
20.2293
20.1227
20.1362
20.1538
20.1672
20.1848
20.2024
20.2159
20.2335
20.1269
20.1403
20.1538
20.1714
20.1848
20.2024
20.22
20.2335
20.1269
20.1445
20.1579
20.1714
20.189
20.2024
20.22
20.2376
20.1311
20.1445
20.1621
20.1755
20.189
20.2066
20.22
20.2376
20.1311
20.1487
20.1621
20.1797
20.1931
20.2066
20.2242
20.1176
20.1311
20.1487
20.1663
20.1797
20.1973
20.2107
20.2242
20.1176
20.1352
20.1487
20.1663
20.1839
20.1973
20.2149
20.2283
20.1218
20.1352
20.1528
20.1663
20.1839
20.2015
20.2149
20.2325
20.1087
20.1157
20.1179
20.1202
20.1224
20.0907
20.1042
20.1259
20.1394
20.2199
20.2292
20.1261
20.1396
20.2207
20.23
20.127
20.1452
20.0178
20.2712
20.2318
20.1211
20.1262
20.1396
20.1614
20.1261
20.2553
20.1405
20.1539
20.1632
20.1683
20.0576
20.191
20.1723
20.0699
20.0834
20.0968
20.1144
20.1279
20.3242
20.3376
20.2311
20.1245
20.138
20.1556
20.1732
20.1866
20.2042
20.2176
20.2311
20.1245
20.1421
20.1556
20.1732
20.1908
20.2042
20.2218
20.2352
20.1287
20.1421
20.1597
20.1732
20.1908
20.2084
20.2218
20.1152
20.1328
20.1463
20.1597
20.1773
20.1908
20.2084
20.226
20.1194
20.1328
20.1504
20.1639
20.1773
20.1949
20.2084
20.226
20.1194
20.137
20.1504
20.168
20.1815
20.1949
20.2125
20.226
20.1194
20.137
20.1546
20.168
20.1856
20.1991
20.2125
20.2301
20.1236
20.137
20.1546
20.1722
20.1856
20.2032
20.2167
20.2301
20.1236
20.1412
20.1546
20.1722
20.1898
20.2032
20.2208
20.2343
20.1277
20.1412
20.1588
20.1722
20.1898
20.2074
20.2208
20.2384
20.1319
20.1453
20.1588
20.1764
20.1898
20.2074
20.225
20.2384
20.1319
20.1495
20.1629
20.1764
20.194
20.2074
20.225
20.1184
20.136
20.1495
20.1671
20.1805
20.194
20.2116
20.225
20.1184
20.136
20.1536
20.1671
20.1847
20.1981
20.2116
20.1895
20.0717
20.1988
20.201
20.2032
20.1981
20.2116
20.1098
20.1232
20.3081
20.3276
20.1141
20.3676
20.2088
20.2084
20.2337
20.3684
20.1211
20.1304
20.0908
20.2195
20.2246
20.2339
20.1488
20.2203
20.1179
20.2431
20.1323
20.1375
20.1509
20.2439
20.1332
20.2708
20.1684
20.2976
20.0711
20.1558
20.2892
20.3068
20.2002
20.2137
20.2271
20.1247
20.1382
20.1516
20.0492
20.0668
20.2002
20.2178
20.2313
20.1247
20.1382
20.0358
20.0492
20.0668
20.0844
20.2178
20.2354
20.1289
20.1423
20.1558
20.0534
20.0668
20.0844
20.102
20.2354
20.1289
20.1465
20.1599
20.1734
20.071
20.0844
20.102
20.1196
20.133
20.1465
20.1641
20.1775
20.191
20.0886
20.102
20.1196
20.133
20.1506
20.1641
20.1817
20.1951
20.2086
20.1062
20.1196
20.133
20.1506
20.0482
20.1817
20.1993
20.2127
20.2262
20.1238
20.0172
20.1506
20.0482
20.0658
20.1993
20.2169
20.2303
20.1238
20.1372
20.0348
20.0482
20.0658
20.0834
20.2169
20.2345
20.1279
20.1414
20.1548
20.0524
20.0658
20.0834
20.101
20.2345
20.1279
20.1455
20.159
20.1724
20.07
20.0834
20.101
20.1186
20.1321
20.1455
20.1631
20.1766
20.19
20.0876
20.101
20.1186
20.1321
20.1497
20.1631
20.1807
20.1942
20.2076
20.1052
20.1186
20.1321
20.1497
20.0473
20.1807
20.1983
20.1449
20.1519
20.1542
20.1564
20.1586
20.1609
20.0742
20.1919
20.2169
20.0978
20.1071
20.1953
20.2046
20.098
20.228
20.1214
20.2424
20.14
20.1136
20.127
20.1315
20.1491
20.2338
20.2478
20.2571
20.1547
20.1557
20.0491
20.1463
20.1555
20.1607
20.1741
20.1834
20.201
20.0861
20.1037
20.2371
20.206
20.2194
20.2328
20.2504
20.1439
20.2815
20.1749
20.1925
20.206
20.2236
20.237
20.1304
20.1439
20.1615
20.1749
20.1925
20.2101
20.2236
20.117
20.1346
20.148
20.1615
20.1791
20.1925
20.2101
20.2277
20.1212
20.1346
20.1522
20.1656
20.1791
20.1967
20.2101
20.2277
20.1212
20.1388
20.1522
20.1698
20.1832
20.1967
20.2143
20.2277
20.1212
20.1388
20.1564
20.1698
20.1874
20.2008
20.2143
20.2319
20.1253
20.1388
20.1564
20.174
20.1874
20.205
20.2184
20.2319
20.1253
20.1429
20.1564
20.174
20.1916
20.205
20.2226
20.236
20.1295
20.1429
20.1605
20.174
20.1916
20.2092
20.2226
20.116
20.1336
20.1471
20.1605
20.1781
20.1916
20.2092
20.2268
20.1202
20.1336
20.1512
20.1647
20.1781
20.1957
20.2092
20.2268
20.1202
20.1378
20.1512
20.1688
20.1823
20.1957
20.2133
20.2268
20.1202
20.1378
20.1554
20.1688
20.1864
20.1999
20.2133
20.2309
20.1244
20.1378
20.1554
20.173
20.1864
20.204
20.2175
20.2309
20.0194
20.0258
20.1528
20.1551
20.1573
20.1596
20.1109
20.1244
20.1378
20.1512
20.3409
20.3543
20.1386
20.2721
20.2217
20.2393
20.1395
20.2771
20.1456
20.2873
20.1176
20.2462
20.2472
20.1448
20.1739
20.1825
20.0635
20.0769
20.2145
20.1642
20.1927
20.2019
20.2237
20.1733
20.1826
20.196
20.2136
20.238
20.1314
20.1448
20.2186
20.3562
20.2497
20.139
20.1566
20.17
20.1876
20.2052
20.2186
20.2362
20.1297
20.1431
20.1566
20.1742
20.1876
20.2052
20.2228
20.2362
20.1297
20.1473
20.1607
20.1742
20.1918
20.2052
20.2228
20.2404
20.1338
20.1473
20.1649
20.1783
20.1918
20.2094
20.2228
20.1162
20.1338
20.1514
20.1649
20.1825
20.1959
20.2094
20.227
20.1204
20.1338
20.1514
20.169
20.1825
20.2001
20.2135
20.227
20.1204
20.138
20.1514
20.169
20.1866
20.2001
20.2177
20.2311
20.1246
20.138
20.1556
20.169
20.1866
20.2042
20.2177
20.2353
20.1287
20.1422
20.1556
20.1732
20.1866
20.2042
20.2218
20.2353
20.1287
20.1463
20.1598
20.1732
20.1908
20.2042
20.2218
20.2394
20.1329
20.1463
20.1639
20.1774
20.1908
20.2084
20.2218
20.1153
20.1329
20.1505
20.1639
20.1815
20.195
20.2084
20.226
20.1194
20.1329
20.1505
20.1681
20.1815
20.1991
20.2126
20.226
20.1194
20.137
20.1505
20.1681
20.1857
20.1991
20.2167
20.2122
20.0945
20.0967
20.099
20.1012
20.075
20.0884
20.2327
20.1262
20.3193
20.2128
20.2287
20.2422
20.23
20.2177
20.1137
20.1272
20.124
20.1332
20.1001
20.1136
20.1248
20.1424
20.2717
20.238
20.2431
20.1365
20.1458
20.0507
20.1328
20.2574
20.1508
20.1709
20.1844
20.082
20.0996
20.1676
20.1852
20.4428
20.3362
20.2338
20.1273
20.1407
20.1542
20.1718
20.0652
20.0786
20.0962
20.1138
20.1273
20.1449
20.1583
20.1718
20.0652
20.0828
20.0962
20.1138
20.1314
20.1449
20.1625
20.1759
20.0694
20.0828
20.1004
20.1138
20.1314
20.149
20.1625
20.1801
20.0735
20.087
20.1004
20.118
20.1314
20.149
20.1666
20.1801
20.0735
20.0911
20.1046
20.118
20.1356
20.149
20.1666
20.0601
20.0777
20.0911
20.1087
20.1222
20.1356
20.1532
20.1666
20.0601
20.0777
20.0953
20.1087
20.1263
20.1398
20.1532
20.1708
20.0642
20.0777
20.0953
20.1129
20.1263
20.1439
20.1574
20.1708
20.0642
20.0818
20.0953
20.1129
20.1305
20.1439
20.1615
20.175
20.0684
20.0818
20.0994
20.1129
20.1305
20.1481
20.1615
20.1791
20.0726
20.086
20.0994
20.117
20.1305
20.1481
20.1657
20.1791
20.0726
20.0902
20.1036
20.117
20.1346
20.1481
20.1657
20.0591
20.0767
20.0902
20.1078
20.1212
20.1346
20.1522
20.1657
20.0591
20.0767
20.0943
20.0681
20.0751
20.0774
20.0796
20.0818
20.0726
20.086
20.1569
20.18
20.1964
20.331
20.0576
20.2912
20.2014
20.216
20.0969
20.292
20.0488
20.1823
20.2178
20.2271
20.1163
20.3031
20.1965
20.3216
20.0951
20.1002
20.1136
20.2108
20.3401
20.1177
20.2386
20.3358
20.2292
20.2427
20.1403
20.3366
20.2259
20.1193
20.1328
20.1462
20.1638
20.1773
20.1949
20.2125
20.2259
20.1193
20.1369
20.1504
20.1638
20.1814
20.1949
20.2125
20.2301
20.1235
20.1369
20.1545
20.168
20.1814
20.199
20.2125
20.2301
20.1235
20.1411
20.1545
20.1721
20.1856
20.199
20.2166
20.2301
20.1235
20.1411
20.1587
20.1721
20.1897
20.2032
20.2166
20.2342
20.1277
20.1411
20.1587
20.1763
20.1897
20.2073
20.2208
20.2342
20.1277
20.1453
20.1587
20.1763
20.1939
20.2073
20.2249
20.2384
20.1318
20.1453
20.1629
20.1763
20.1939
20.2115
20.2249
20.1184
20.136
20.1494
20.1629
20.1805
20.1939
20.2115
20.2291
20.1225
20.136
20.1536
20.167
20.1805
20.1981
20.2115
20.2291
20.1225
20.1401
20.1536
20.1712
20.1846
20.1981
20.2157
20.2291
20.1225
20.1401
20.1577
20.1712
20.1888
20.2022
20.2157
20.2333
20.1267
20.1401
20.1577
20.1753
20.1888
20.2064
20.2198
20.2333
20.1267
20.1443
20.1577
20.1753
20.1929
20.2064
20.224
20.2374
20.1309
20.0822
20.0893
20.2163
20.2185
20.096
20.0982
20.1267
20.128
20.1619
20.2125
20.1359
20.0239
20.1669
20.0437
20.0447
20.1466
20.176
20.0528
20.0538
20.0672
20.1478
20.1654
20.303
20.1922
20.2015
20.2108
20.1001
20.1094
20.2065
20.2158
20.3451
20.2344
20.2115
20.2249
20.1142
20.136
20.0294
20.0429
20.1763
20.1368
20.1503
20.1679
20.1813
20.1947
20.2123
20.2258
20.1192
20.1368
20.1544
20.1679
20.1855
20.1989
20.2123
20.2299
20.1234
20.1368
20.1544
20.172
20.1855
20.2031
20.2165
20.2299
20.1234
20.141
20.1544
20.172
20.1896
20.2031
20.2207
20.2341
20.1275
20.141
20.1586
20.172
20.1896
20.2072
20.2207
20.2383
20.1317
20.1451
20.1586
20.1762
20.1896
20.2072
20.2248
20.2383
20.1317
20.1493
20.1627
20.1762
20.1938
20.2072
20.2248
20.1183
20.1359
20.1493
20.1669
20.1803
20.1938
20.2114
20.2248
20.1183
20.1359
20.1535
20.1669
20.1845
20.1979
20.2114
20.229
20.1224
20.1359
20.1535
20.1711
20.1845
20.2021
20.2155
20.229
20.1224
20.14
20.1535
20.1711
20.1887
20.2021
20.2197
20.2331
20.1266
20.14
20.1576
20.1711
20.1887
20.2063
20.2197
20.2373
20.1307
20.1442
20.1576
20.1752
20.1887
20.2063
20.2239
20.2373
20.1307
20.1483
20.1618
20.1752
20.1928
20.2063
20.2239
20.1173
20.1349
20.0597
20.0667
20.1938
20.196
20.1983
20.2005
20.1307
20.1163
20.1563
20.0539
20.0424
20.06
20.1412
20.1546
20.1716
20.1808
20.1462
20.2796
20.2924
20.3017
20.2985
20.1961
20.077
20.1867
20.0724
20.2011
20.082
20.0913
20.1048
20.3219
20.2153
20.2246
20.2297
20.2027
20.2162
20.2296
20.1231
20.0207
20.0341
20.2304
20.2487
20.2621
20.2755
20.169
20.1866
20.2042
20.1018
20.2352
20.1287
20.1421
20.1555
20.169
20.1866
20.2042
20.2218
20.1194
20.1328
20.1463
20.1597
20.1731
20.1866
20.2042
20.2218
20.2394
20.1328
20.1504
20.1639
20.1773
20.1907
20.2042
20.2218
20.2394
20.1328
20.1504
20.168
20.1815
20.1949
20.2083
20.2218
20.2394
20.1328
20.1504
20.168
20.0656
20.1991
20.2125
20.2259
20.1194
20.1328
20.1504
20.168
20.1856
20.0832
20.2167
20.2301
20.1235
20.137
20.1504
20.168
20.1856
20.2032
20.1008
20.2343
20.1277
20.1411
20.1546
20.168
20.1856
20.2032
20.2208
20.1184
20.1319
20.1453
20.1587
20.1722
20.1856
20.2032
20.2208
20.2384
20.1319
20.1495
20.1629
20.1763
20.1898
20.2032
20.2208
20.2384
20.1319
20.1495
20.1671
20.1805
20.1939
20.2074
20.2208
20.2384
20.1319
20.1495
20.1671
20.0647
20.1981
20.2115
20.225
20.1184
20.1319
20.1495
20.1671
20.1847
20.0823
20.2157
20.2291
20.1226
20.1066
20.1136
20.1159
20.1181
20.1203
20.1091
20.1226
20.1389
20.0372
20.3439
20.244
20.2556
20.1532
20.2212
20.2359
20.121
20.2507
20.0267
20.1601
20.2377
20.127
20.2521
20.1651
20.2902
20.1795
20.0729
20.0781
20.0915
20.1887
20.3138
20.2114
20.1048
20.1936
20.0871
20.2205
20.2381
20.1316
20.025
20.3414
20.2348
20.1282
20.1458
20.1593
20.1769
20.1903
20.2038
20.2214
20.2348
20.1282
20.1458
20.1634
20.1769
20.1945
20.2079
20.2214
20.1148
20.1324
20.1458
20.1634
20.181
20.1945
20.2121
20.2255
20.119
20.1324
20.15
20.1634
20.181
20.1986
20.2121
20.2297
20.1231
20.1366
20.15
20.1676
20.181
20.1986
20.2162
20.2297
20.1231
20.1407
20.1542
20.1676
20.1852
20.1986
20.2162
20.2338
20.1273
20.1407
20.1583
20.1718
20.1852
20.2028
20.2162
20.2338
20.1273
20.1449
20.1583
20.1759
20.1894
20.2028
20.2204
20.2338
20.1273
20.1449
20.1625
20.1759
20.1935
20.207
20.2204
20.1138
20.1314
20.1449
20.1625
20.1801
20.1935
20.2111
20.2246
20.118
20.1314
20.149
20.1625
20.1801
20.1977
20.2111
20.2287
20.1222
20.1356
20.149
20.1666
20.1801
20.1977
20.2153
20.2287
20.1222
20.1398
20.1532
20.1666
20.1842
20.1977
20.2153
20.2329
20.1263
20.1398
20.1574
20.1708
20.1842
20.2018
20.2153
20.2329
20.0703
20.0774
20.2044
20.2066
20.2089
20.2098
20.2287
20.1208
20.1439
20.1366
20.1143
20.1156
20.131
20.1457
20.2429
20.0205
20.1443
20.1452
20.1545
20.0142
20.2504
20.0238
20.1489
20.2824
20.1354
20.153
20.1581
20.1674
20.1725
20.1859
20.1589
20.1724
20.2975
20.1909
20.0844
20.102
20.3066
20.3201
20.2177
20.2311
20.1246
20.1422
20.1598
20.1732
20.0666
20.0842
20.0977
20.1111
20.1287
20.1422
20.1598
20.1774
20.0708
20.0842
20.1018
20.1153
20.1287
20.1463
20.1598
20.1774
20.0708
20.0884
20.1018
20.1194
20.1329
20.1463
20.1639
20.1774
20.0708
20.0884
20.106
20.1194
20.137
20.1505
20.1639
20.0574
20.075
20.0884
20.106
20.1236
20.137
20.1546
20.1681
20.1815
20.075
20.0926
20.106
20.1236
20.1412
20.1546
20.1722
20.1857
20.0791
20.0926
20.1102
20.1236
20.1412
20.1588
20.1722
20.0657
20.0833
20.0967
20.1102
20.1278
20.1412
20.1588
20.1764
20.0698
20.0833
20.1009
20.1143
20.1278
20.1454
20.1588
20.1764
20.0698
20.0874
20.1009
20.1185
20.1319
20.1454
20.163
20.1764
20.0698
20.0874
20.105
20.1185
20.1361
20.1495
20.163
20.0564
20.074
20.0874
20.105
20.1226
20.1361
20.1537
20.1671
20.1806
20.074
20.0916
20.105
20.1226
20.1402
20.1537
20.1713
20.1847
20.0782
20.0916
20.1092
20.1697
20.1767
20.059
20.0612
20.0634
20.0657
20.105
20.039
20.199
20.0883
20.2342
20.1276
20.1937
20.1989
20.2433
20.1326
20.1987
20.0922
20.089
20.1066
20.2544
20.1479
20.1447
20.2781
20.2367
20.1487
20.1538
20.1672
20.1807
20.0623
20.1588
20.1681
20.1815
20.195
20.0842
20.1772
20.1948
20.3283
20.3459
20.1152
20.1328
20.0262
20.0396
20.0572
20.0748
20.0883
20.1059
20.1193
20.0128
20.0262
20.0438
20.0572
20.0748
20.0924
20.1059
20.1235
20.0169
20.0304
20.0438
20.0614
20.0748
20.0924
20.11
20.1235
20.0169
20.0345
20.168
20.0614
20.079
20.0924
20.11
20.1276
20.0211
20.0345
20.0521
20.0656
20.079
20.0966
20.11
20.1276
20.0211
20.0387
20.0521
20.0697
20.0832
20.0966
20.1142
20.1276
20.0211
20.0387
20.0563
20.0697
20.0873
20.1008
20.1142
20.1318
20.0252
20.0387
20.0563
20.0739
20.0873
20.1049
20.1184
20.1318
20.0252
20.0428
20.0563
20.0739
20.0915
20.1049
20.1225
20.136
20.0294
20.0428
20.0604
20.0739
20.0915
20.1091
20.1225
20.1401
20.0336
20.047
20.0604
20.078
20.0915
20.1091
20.1267
20.0201
20.0336
20.0512
20.0646
20.078
20.0956
20.1091
20.1267
20.0201
20.0377
20.0512
20.0688
20.0822
20.0956
20.1132
20.1267
20.0201
20.0377
20.0553
20.0688
20.0864
20.0998
20.1132
20.1568
20.039
20.046
20.0483
20.1705
20.1728
20.1132
20.1267
20.1276
20.1411
20.3576
20.1269
20.1285
20.2619
20.239
20.2483
20.1328
20.2627
20.1354
20.0288
20.0107
20.2594
20.1403
20.2738
20.1589
20.0524
20.0575
20.0709
20.0844
20.2932
20.3108
20.0842
20.3252
20.1823
20.1916
20.2092
20.2226
20.2402
20.1378
20.21
20.2235
20.1169
20.1345
20.148
20.1656
20.1832
20.1966
20.2142
20.2276
20.1211
20.1345
20.1521
20.1656
20.1832
20.2008
20.2142
20.2318
20.1252
20.1387
20.1521
20.1697
20.1832
20.2008
20.2184
20.2318
20.1252
20.1428
20.1563
20.1697
20.1873
20.2008
20.2184
20.236
20.1294
20.1428
20.1604
20.1739
20.1873
20.2049
20.2184
20.236
20.1294
20.147
20.1604
20.178
20.1915
20.2049
20.2225
20.236
20.1294
20.147
20.1646
20.178
20.1956
20.2091
20.2225
20.116
20.1336
20.147
20.1646
20.1822
20.1956
20.2132
20.2267
20.1201
20.1336
20.1512
20.1646
20.1822
20.1998
20.2132
20.2308
20.1243
20.1377
20.1512
20.1688
20.1822
20.1998
20.2174
20.2308
20.1243
20.1419
20.1553
20.1688
20.1864
20.1998
20.2174
20.235
20.1284
20.1419
20.1595
20.1729
20.1864
20.204
20.2174
20.235
20.1284
20.146
20.1595
20.1771
20.1905
20.204
20.2216
20.235
20.1284
20.146
20.1636
20.1771
20.1947
20.2081
20.1112
20.2321
20.1144
20.1166
20.1188
20.1211
20.084
20.0974
20.2344
20.1278
20.1204
20.138
20.095
20.2284
20.2454
20.1389
20.264
20.2293
20.2463
20.2597
20.149
20.1583
20.0434
20.2647
20.274
20.1632
20.1725
20.0618
20.0752
20.1682
20.1817
20.1951
20.3202
20.1774
20.1908
20.2001
20.2177
20.1153
20.0088
20.3864
20.3385
20.232
20.1254
20.1389
20.1565
20.1741
20.1875
20.2051
20.2185
20.232
20.1254
20.143
20.1565
20.1741
20.1917
20.2051
20.2227
20.2361
20.1296
20.143
20.1606
20.1741
20.1917
20.2093
20.2227
20.2403
20.1337
20.1472
20.1606
20.1782
20.1917
20.2093
20.2269
20.1203
20.1337
20.1513
20.1648
20.1782
20.1958
20.2093
20.2269
20.1203
20.1379
20.1513
20.1689
20.1824
20.1958
20.2134
20.2269
20.1203
20.1379
20.1555
20.1689
20.1865
20.2
20.2134
20.231
20.1245
20.1379
20.1555
20.1731
20.1865
20.2041
20.2176
20.231
20.1245
20.1421
20.1555
20.1731
20.1907
20.2041
20.2217
20.2352
20.1286
20.1421
20.1597
20.1731
20.1907
20.2083
20.2217
20.2393
20.1328
20.1462
20.1597
20.1773
20.1907
20.2083
20.2259
20.2393
20.1328
20.1504
20.1638
20.1773
20.1949
20.2083
20.2259
20.1193
20.1369
20.1504
20.168
20.1814
20.1949
20.2125
20.2259
20.1193
20.1369
20.1545
20.168
20.1856
20.199
20.2125
20.1849
20.0672
20.1942
20.1965
20.1987
20.1942
20.2125
20.1004
20.2387
20.1896
20.3333
20.1858
20.1201
20.2322
20.2183
20.0999
20.3645
20.1219
20.2512
20.1132
20.3535
20.1186
20.1238
20.2572
20.1506
20.1599
20.045
20.0584
20.1515
20.1608
20.17
20.3035
20.1969
20.0904
20.1792
20.1885
20.2019
20.2195
20.2329
20.2505
20.2027
20.2203
20.2338
20.1272
20.1448
20.1583
20.1759
20.1893
20.2027
20.2203
20.2338
20.1272
20.1448
20.1624
20.1759
20.1935
20.2069
20.2203
20.2379
20.1314
20.1448
20.1624
20.18
20.1935
20.2111
20.2245
20.1179
20.1314
20.149
20.1624
20.18
20.1976
20.2111
20.2287
20.1221
20.1355
20.149
20.1666
20.18
20.1976
20.2152
20.2287
20.1221
20.1397
20.1531
20.1666
20.1842
20.1976
20.2152
20.2328
20.1263
20.1397
20.1573
20.1707
20.1842
20.2018
20.2152
20.2328
20.1263
20.1439
20.1573
20.1749
20.1883
20.2018
20.2194
20.2328
20.1263
20.1439
20.1615
20.1749
20.1925
20.2059
20.2194
20.237
20.1304
20.1439
20.1615
20.1791
20.1925
20.2101
20.2235
20.117
20.1304
20.148
20.1615
20.1791
20.1967
20.2101
20.2277
20.1211
20.1346
20.148
20.1656
20.1791
20.1967
20.2143
20.2277
20.1211
20.1387
20.1522
20.1656
20.1832
20.1967
20.2143
20.2319
20.1253
20.1387
20.1563
20.1698
20.1832
20.1339
20.141
20.1432
20.1455
20.1477
20.1499
20.0632
20.0488
20.2136
20.0344
20.1888
20.1975
20.2228
20.1002
20.309
20.2066
20.2236
20.1087
20.1055
20.1231
20.2001
20.2177
20.2305
20.1198
20.1291
20.1384
20.1435
20.0369
20.2499
20.1433
20.1526
20.1661
20.167
20.1846
20.1981
20.0915
20.1803
20.1979
20.2155
20.229
20.1224
20.14
20.2735
20.1669
20.1803
20.0738
20.0914
20.109
20.1266
20.1442
20.1576
20.1711
20.0645
20.0779
20.0914
20.109
20.1266
20.1442
20.1618
20.1752
20.0687
20.0821
20.0955
20.109
20.1266
20.1442
20.1618
20.1794
20.0728
20.0863
20.0997
20.1131
20.1266
20.1442
20.1618
20.1794
20.0728
20.0904
20.1039
20.1173
20.1307
20.1442
20.1618
20.1794
20.0728
20.0904
20.108
20.1215
20.1349
20.1483
20.1618
20.0552
20.0728
20.0904
20.108
20.1256
20.1391
20.1525
20.1659
20.0594
20.0728
20.0904
20.108
20.1256
20.1432
20.1567
20.1701
20.0635
20.077
20.0904
20.108
20.1256
20.1432
20.1608
20.1743
20.0677
20.0811
20.0946
20.108
20.1256
20.1432
20.1608
20.1784
20.0719
20.0853
20.0987
20.1122
20.1256
20.1432
20.1608
20.1784
20.0719
20.0895
20.1029
20.1163
20.1298
20.1432
20.1608
20.1784
20.0719
20.0895
20.1071
20.1205
20.1339
20.1474
20.1608
20.0543
20.0719
20.0895
20.1071
20.1464
20.1535
20.1605
20.1627
20.165
20.1672
20.2229
20.1122
20.1879
20.2103
20.2237
20.2372
20.3004
20.1938
20.2204
20.238
20.2958
20.1947
20.1915
20.2049
20.2398
20.1291
20.13
20.1476
20.2048
20.2099
20.0909
20.1085
20.1219
20.167
20.34
20.2376
20.2511
20.2645
20.173
20.2426
20.136
20.1453
20.1629
20.1764
20.0698
20.2074
20.1008
20.1143
20.1277
20.1453
20.1588
20.1764
20.0698
20.0874
20.1008
20.1184
20.1319
20.1453
20.1629
20.1764
20.0698
20.0874
20.105
20.1184
20.136
20.1495
20.1629
20.0564
20.074
20.0874
20.105
20.1226
20.136
20.1536
20.1671
20.1805
20.074
20.0916
20.105
20.1226
20.1402
20.1536
20.1712
20.1847
20.0781
20.0916
20.1092
20.1226
20.1402
20.1578
20.1712
20.0647
20.0823
20.0957
20.1092
20.1268
20.1402
20.1578
20.1754
20.0688
20.0823
20.0999
20.1133
20.1268
20.1444
20.1578
20.1754
20.0688
20.0864
20.0999
20.1175
20.1309
20.1444
20.162
20.1754
20.0688
20.0864
20.104
20.1175
20.1351
20.1485
20.162
20.0554
20.073
20.0864
20.104
20.1216
20.1351
20.1527
20.1661
20.1796
20.073
20.0906
20.104
20.1216
20.1392
20.1527
20.1703
20.1837
20.0772
20.0906
20.1082
20.1216
20.1392
20.1568
20.1703
20.0637
20.0813
20.0948
20.1082
20.1258
20.1392
20.1568
20.1744
20.0727
20.0688
20.0759
20.0781
20.0804
20.0826
20.1661
20.0596
20.1353
20.1535
20.1711
20.1846
20.1259
20.1502
20.0417
20.1937
20.135
20.2669
20.1437
20.1571
20.1913
20.2006
20.1487
20.2779
20.1755
20.2056
20.2149
20.1
20.1176
20.1815
20.2199
20.2292
20.2426
20.1906
20.0799
20.2134
20.2268
20.1327
20.1503
20.2838
20.1814
20.0748
20.0924
20.1058
20.1234
20.1369
20.1503
20.1679
20.1814
20.0748
20.0924
20.11
20.1234
20.141
20.1545
20.1679
20.1855
20.079
20.0924
20.11
20.1276
20.141
20.1586
20.1721
20.1855
20.079
20.0966
20.11
20.1276
20.1452
20.1586
20.1762
20.1897
20.0831
20.0966
20.1142
20.1276
20.1452
20.1628
20.1762
20.0697
20.0873
20.1007
20.1142
20.1318
20.1452
20.1628
20.1804
20.0738
20.0873
20.1049
20.1183
20.1318
20.1494
20.1628
20.1804
20.0738
20.0914
20.1049
20.1225
20.1359
20.1494
20.167
20.1804
20.0738
20.0914
20.109
20.1225
20.1401
20.1535
20.167
20.1846
20.078
20.0914
20.109
20.1266
20.1401
20.1577
20.1711
20.1846
20.078
20.0956
20.109
20.1266
20.1442
20.1577
20.1753
20.1887
20.0822
20.0956
20.1132
20.1266
20.1442
20.1618
20.1753
20.1929
20.0863
20.0998
20.1132
20.1308
20.1442
20.1618
20.1794
20.1929
20.0863
20.1039
20.1174
20.1308
20.1484
20.1618
20.1794
20.158
20.0402
20.1673
20.1695
20.1718
20.1618
20.1753
20.2331
20.1265
20.3633
20.1368
20.057
20.1857
20.1867
20.0801
20.0936
20.1907
20.0758
20.2051
20.2144
20.2728
20.2904
20.2059
20.2194
20.2203
20.2379
20.1147
20.1282
20.2253
20.1194
20.1287
20.249
20.1431
20.2765
20.0458
20.0634
20.081
20.174
20.1916
20.2008
20.2143
20.1119
20.1253
20.1429
20.1564
20.174
20.0674
20.085
20.0984
20.116
20.1295
20.1429
20.1605
20.174
20.0674
20.085
20.1026
20.116
20.1336
20.1471
20.1605
20.1781
20.0716
20.085
20.1026
20.1202
20.1336
20.1512
20.1647
20.1781
20.0716
20.0892
20.1026
20.1202
20.1378
20.1512
20.1688
20.1823
20.0757
20.0892
20.1068
20.1202
20.1378
20.1554
20.1688
20.0623
20.0799
20.0933
20.1068
20.1244
20.1378
20.1554
20.173
20.1864
20.0799
20.0975
20.1109
20.1244
20.142
20.1554
20.173
20.0664
20.084
20.0975
20.1151
20.1285
20.142
20.1596
20.173
20.0664
20.084
20.1016
20.1151
20.1327
20.1461
20.1596
20.1772
20.0706
20.084
20.1016
20.1192
20.1327
20.1503
20.1637
20.1772
20.0706
20.0882
20.1016
20.1192
20.1368
20.1503
20.1679
20.1813
20.0748
20.0882
20.1058
20.1192
20.1368
20.1544
20.1679
20.0613
20.0789
20.0924
20.1058
20.1234
20.1368
20.1544
20.172
20.1855
20.0789
20.1394
20.1464
20.1535
20.1557
20.158
20.1596
20.1989
20.2124
20.1729
20.058
20.1998
20.2132
20.2937
20.1788
20.3062
20.1996
20.1787
20.1921
20.1848
20.2065
20.0862
20.219
20.0958
20.1093
20.3325
20.3376
20.2269
20.2362
20.1296
20.137
20.2277
20.3612
20.2504
20.1439
20.2286
20.1262
20.1396
20.1572
20.1748
20.1228
20.3804
20.2739
20.1673
20.1808
20.1984
20.216
20.2294
20.1228
20.1404
20.1539
20.1673
20.1849
20.1984
20.216
20.2336
20.127
20.1404
20.158
20.1715
20.1849
20.2025
20.216
20.2336
20.127
20.1446
20.158
20.1756
20.1891
20.2025
20.2201
20.2336
20.127
20.1446
20.1622
20.1756
20.1932
20.2067
20.2201
20.2377
20.1312
20.1446
20.1622
20.1798
20.1932
20.2108
20.2243
20.1177
20.1312
20.1488
20.1622
20.1798
20.1974
20.2108
20.2284
20.1219
20.1353
20.1488
20.1664
20.1798
20.1974
20.215
20.2284
20.1219
20.1395
20.1529
20.1664
20.184
20.1974
20.215
20.2326
20.126
20.1395
20.1571
20.1705
20.184
20.2016
20.215
20.2326
20.126
20.1436
20.1571
20.1747
20.1881
20.2016
20.2192
20.2326
20.126
20.1436
20.1612
20.1747
20.1923
20.2057
20.2192
20.2368
20.1302
20.1436
20.1612
20.1788
20.1923
20.2099
20.2233
20.1168
20.1302
20.1478
20.1612
20.1788
20.1964
20.2099
20.2275
20.1209
20.0355
20.0419
20.1689
20.0512
20.1734
20.1756
20.1168
20.1302
20.263
20.1612
20.2369
20.2504
20.1438
20.1573
20.2378
20.1312
20.1481
20.1581
20.0307
20.0442
20.133
20.1423
20.1432
20.2767
20.0668
20.1919
20.077
20.0821
20.0997
20.1802
20.322
20.2071
20.2247
20.1894
20.0828
20.2121
20.2297
20.1238
20.1372
20.2748
20.1724
20.1858
20.0793
20.0969
20.1103
20.1238
20.1414
20.1548
20.1724
20.0658
20.0834
20.0969
20.1145
20.1279
20.1414
20.159
20.1724
20.0658
20.0834
20.101
20.1145
20.1321
20.1455
20.159
20.1766
20.07
20.0834
20.101
20.1186
20.1321
20.1497
20.1631
20.1766
20.07
20.0876
20.101
20.1186
20.1362
20.1497
20.1673
20.1807
20.0742
20.0876
20.1052
20.1186
20.1362
20.1538
20.1673
20.0607
20.0783
20.0918
20.1052
20.1228
20.1362
20.1538
20.1714
20.1849
20.0783
20.0959
20.1094
20.1228
20.1404
20.1538
20.1714
20.0649
20.0825
20.0959
20.1135
20.127
20.1404
20.158
20.1714
20.0649
20.0825
20.1001
20.1135
20.1311
20.1446
20.158
20.1756
20.069
20.0825
20.1001
20.1177
20.1311
20.1487
20.1622
20.1756
20.069
20.0866
20.1001
20.1177
20.1353
20.1487
20.1663
20.1798
20.0732
20.0866
20.1042
20.1177
20.1353
20.1529
20.1663
20.0598
20.0774
20.0908
20.1042
20.1218
20.1353
20.1529
20.1759
20.1714
20.0537
20.1807
20.0582
20.0604
20.0287
20.0422
20.2373
20.1355
20.2731
20.2872
20.1174
20.1363
20.1581
20.168
20.0454
20.1365
20.1292
20.1426
20.0545
20.1791
20.0642
20.1976
20.1569
20.1882
20.1975
20.2026
20.216
20.217
20.1152
20.2397
20.341
20.1103
20.2479
20.2655
20.1548
20.0524
20.1609
20.1785
20.1919
20.2054
20.223
20.1164
20.1298
20.1474
20.165
20.1785
20.1961
20.2095
20.223
20.1164
20.134
20.1474
20.165
20.1826
20.1961
20.2137
20.2271
20.1206
20.134
20.1516
20.165
20.1826
20.2002
20.2137
20.2313
20.1247
20.1382
20.1516
20.1692
20.1826
20.2002
20.2178
20.2313
20.1247
20.1423
20.1558
20.1692
20.1868
20.2002
20.2178
20.2354
20.1289
20.1423
20.1599
20.1734
20.1868
20.2044
20.2178
20.2354
20.1289
20.1465
20.1599
20.1775
20.191
20.2044
20.222
20.1154
20.1289
20.1465
20.1641
20.1775
20.1951
20.2086
20.222
20.1154
20.133
20.1465
20.1641
20.1817
20.1951
20.2127
20.2262
20.1196
20.133
20.1506
20.1641
20.1817
20.1993
20.2127
20.2303
20.1238
20.1372
20.1506
20.1682
20.1817
20.1993
20.2169
20.2303
20.1238
20.1414
20.1548
20.1682
20.1858
20.1993
20.2169
20.2345
20.1279
20.1414
20.159
20.1724
20.1858
20.2034
20.2169
20.2345
20.1279
20.1455
20.159
20.1766
20.19
20.174
20.181
20.0633
20.0655
20.0678
20.1724
20.1858
20.0677
20.2162
20.2926
20.186
20.0577
20.2171
20.0856
20.3069
20.1968
20.3337
20.2105
20.0998
20.1174
20.1979
20.0831
20.2123
20.2424
20.1275
20.1368
20.1419
20.1554
20.1325
20.1418
20.1469
20.1562
20.1375
20.1426
20.1561
20.1737
20.0713
20.0847
20.2223
20.1745
20.188
20.2014
20.219
20.2324
20.1259
20.1435
20.1611
20.1745
20.1921
20.2056
20.219
20.2366
20.13
20.1435
20.1611
20.1787
20.1921
20.2097
20.2232
20.1166
20.13
20.1476
20.1611
20.1787
20.1963
20.2097
20.2273
20.1208
20.1342
20.1476
20.1652
20.1787
20.1963
20.2139
20.2273
20.1208
20.1384
20.1518
20.1652
20.1828
20.1963
20.2139
20.2315
20.1249
20.1384
20.156
20.1694
20.1828
20.2004
20.2139
20.2315
20.1249
20.1425
20.156
20.1736
20.187
20.2004
20.218
20.2315
20.1249
20.1425
20.1601
20.1736
20.1912
20.2046
20.218
20.2356
20.1291
20.1425
20.1601
20.1777
20.1912
20.2088
20.2222
20.1156
20.1291
20.1467
20.1601
20.1777
20.1953
20.2088
20.2264
20.1198
20.1332
20.1467
20.1643
20.1777
20.1953
20.2129
20.2264
20.1198
20.1374
20.1508
20.1643
20.1819
20.1953
20.2129
20.2305
20.124
20.1374
20.155
20.1684
20.1819
20.1995
20.2129
20.2305
20.124
20.1416
20.155
20.1726
20.13
20.1371
20.0193
20.0216
20.0238
20.14
20.0484
20.0619
20.1988
20.1299
20.2592
20.1869
20.2038
20.0806
20.14
20.1919
20.2088
20.0898
20.0949
20.1125
20.1895
20.0788
20.1997
20.2132
20.2343
20.1236
20.1328
20.1463
20.1597
20.2326
20.246
20.1471
20.1606
20.1657
20.0591
20.0767
20.0943
20.2907
20.1841
20.2017
20.2152
20.2328
20.122
20.1396
20.1572
20.0548
20.1883
20.2017
20.2152
20.2286
20.122
20.1396
20.1572
20.1748
20.0724
20.2059
20.2193
20.2328
20.1262
20.1396
20.1572
20.1748
20.1924
20.09
20.2235
20.2369
20.1304
20.1438
20.1572
20.1748
20.1924
20.21
20.1076
20.2411
20.1345
20.148
20.1614
20.1748
20.1924
20.21
20.2276
20.1252
20.1387
20.1521
20.1656
20.179
20.1924
20.21
20.2276
20.1211
20.1387
20.1563
20.1697
20.1832
20.1966
20.21
20.2276
20.1211
20.1387
20.1563
20.0539
20.1873
20.2008
20.2142
20.2276
20.1211
20.1387
20.1563
20.1739
20.0715
20.2049
20.2184
20.2318
20.1252
20.1387
20.1563
20.1739
20.1915
20.0891
20.2225
20.236
20.1294
20.1428
20.1563
20.1739
20.1915
20.2091
20.1067
20.2401
20.1336
20.147
20.1604
20.1739
20.1915
20.2091
20.2267
20.1243
20.1377
20.1512
20.1646
20.178
20.1915
20.2091
20.2267
20.1201
20.1377
20.1553
20.1688
20.1822
20.1956
20.1409
20.148
20.0302
20.0324
20.0347
20.0363
20.0756
20.0891
20.2177
20.107
20.108
20.1256
20.3267
20.2361
20.2288
20.1222
20.1315
20.1456
20.2296
20.3672
20.1282
20.1499
20.2352
20.2487
20.0221
20.1508
20.0359
20.1295
20.1471
20.1564
20.1698
20.1345
20.1521
20.1572
20.1706
20.1841
20.2017
20.211
20.2286
20.1178
20.1354
20.1489
20.1623
20.1758
20.0692
20.0826
20.1002
20.1178
20.1354
20.153
20.1665
20.1799
20.0734
20.0868
20.1002
20.1178
20.1354
20.153
20.1706
20.1841
20.0775
20.091
20.1044
20.1178
20.1354
20.153
20.1706
20.0641
20.0817
20.0951
20.1086
20.122
20.1354
20.153
20.1706
20.0641
20.0817
20.0993
20.1127
20.1262
20.1396
20.153
20.1706
20.0641
20.0817
20.0993
20.1169
20.1303
20.1438
20.1572
20.1706
20.0641
20.0817
20.0993
20.1169
20.1345
20.1479
20.1614
20.1748
20.0682
20.0817
20.0993
20.1169
20.1345
20.1521
20.1655
20.179
20.0724
20.0858
20.0993
20.1169
20.1345
20.1521
20.1697
20.1831
20.0766
20.09
20.1034
20.1169
20.1345
20.1521
20.1697
20.0631
20.0807
20.0942
20.1076
20.121
20.1345
20.1521
20.1697
20.0631
20.0807
20.0983
20.1118
20.1252
20.1386
20.1521
20.1697
20.0631
20.0807
20.0983
20.1159
20.1294
20.1428
20.1562
20.1697
20.0631
20.0807
20.0983
20.1159
20.1498
20.146
20.153
20.1553
20.1575
20.1598
20.1118
20.1252
20.2003
20.2192
20.2409
20.2544
20.1855
20.1048
20.0223
20.1352
20.1952
20.225
20.0976
20.1111
20.0259
20.1421
20.1068
20.236
20.1336
20.1554
20.1647
20.1698
20.0632
20.1438
20.2814
20.1623
20.3082
20.0817
20.3351
20.1673
20.1891
20.3142
20.2118
20.1052
20.1228
20.1363
20.1497
20.1632
20.1808
20.0742
20.0918
20.1052
20.1228
20.1363
20.1497
20.1673
20.1808
20.0742
20.0918
20.1094
20.1228
20.1404
20.1539
20.1673
20.0608
20.0784
20.0918
20.1094
20.127
20.1404
20.158
20.1715
20.0649
20.0784
20.096
20.1094
20.127
20.1446
20.158
20.1756
20.0691
20.0825
20.096
20.1136
20.127
20.1446
20.1622
20.1756
20.0691
20.0867
20.1001
20.1136
20.1312
20.1446
20.1622
20.0556
20.0732
20.0867
20.1043
20.1177
20.1312
20.1488
20.1622
20.0556
20.0732
20.0908
20.1043
20.1219
20.1353
20.1488
20.1664
20.1798
20.0732
20.0908
20.1084
20.1219
20.1395
20.1529
20.1664
20.0598
20.0774
20.0908
20.1084
20.126
20.1395
20.1571
20.1705
20.064
20.0774
20.095
20.1084
20.126
20.1436
20.1571
20.1747
20.0681
20.0816
20.095
20.1126
20.126
20.1436
20.1612
20.1747
20.0681
20.0857
20.0992
20.1126
20.1302
20.1436
20.1612
20.0547
20.0723
20.0857
20.1033
20.1216
20.1116
20.1187
20.1209
20.1232
20.1254
20.0944
20.1126
20.0616
20.0913
20.2235
20.2376
20.1192
20.2074
20.2042
20.2336
20.0083
20.2124
20.2092
20.2184
20.1119
20.1205
20.1298
20.2234
20.1127
20.3662
20.0196
20.1364
20.1498
20.1276
20.1363
20.1456
20.159
20.1683
20.1454
20.1589
20.0565
20.0699
20.0917
20.1597
20.1773
20.1949
20.2125
20.2259
20.2394
20.1328
20.1463
20.1597
20.1773
20.1949
20.2125
20.2301
20.1235
20.137
20.1504
20.1639
20.1773
20.1949
20.2125
20.2301
20.1235
20.1411
20.1546
20.168
20.1815
20.1949
20.2125
20.2301
20.1235
20.1411
20.1587
20.1722
20.1856
20.1991
20.2125
20.2301
20.1235
20.1411
20.1587
20.1763
20.1898
20.2032
20.2167
20.2301
20.1235
20.1411
20.1587
20.1763
20.1939
20.2074
20.2208
20.2343
20.1277
20.1411
20.1587
20.1763
20.1939
20.2115
20.225
20.2384
20.1319
20.1453
20.1587
20.1763
20.1939
20.2115
20.2291
20.1226
20.136
20.1495
20.1629
20.1763
20.1939
20.2115
20.2291
20.1226
20.1402
20.1536
20.1671
20.1805
20.1939
20.2115
20.2291
20.1226
20.1402
20.1578
20.1712
20.1847
20.1981
20.2115
20.2291
20.1226
20.1402
20.1578
20.1754
20.1888
20.2023
20.2157
20.2291
20.1226
20.1402
20.1578
20.1754
20.193
20.2064
20.2199
20.2333
20.1267
20.1402
20.1578
20.1754
20.1431
20.1501
20.0323
20.0346
20.0368
20.1427
20.0471
20.0368
20.1975
20.1423
20.1762
20.1896
20.2024
20.1413
20.2916
20.1946
20.2074
20.2126
20.0977
20.2311
20.3081
20.2176
20.2185
20.112
20.1973
20.3307
20.2117
20.2251
20.0068
20.1355
20.2208
20.2259
20.2435
20.1363
20.1498
20.1674
20.1808
20.1461
20.2796
20.173
20.1906
20.084
20.1016
20.1151
20.1327
20.1461
20.1596
20.1772
20.0706
20.084
20.1016
20.1192
20.1327
20.1503
20.1637
20.1772
20.0706
20.0882
20.1016
20.1192
20.1368
20.1503
20.1679
20.1813
20.0748
20.0882
20.1058
20.1192
20.1368
20.1544
20.1679
20.0613
20.0789
20.0924
20.1058
20.1234
20.1368
20.1544
20.172
20.1855
20.0789
20.0965
20.11
20.1234
20.141
20.1544
20.172
20.0655
20.0831
20.0965
20.1141
20.1276
20.141
20.1586
20.172
20.0655
20.0831
20.1007
20.1141
20.1317
20.1452
20.1586
20.1762
20.0696
20.0831
20.1007
20.1183
20.1317
20.1493
20.1628
20.1762
20.0696
20.0872
20.1007
20.1183
20.1359
20.1493
20.1669
20.1804
20.0738
20.0872
20.1048
20.1183
20.1359
20.1535
20.1669
20.1845
20.078
20.0914
20.1048
20.1224
20.1359
20.1535
20.1711
20.1845
20.078
20.0956
20.109
20.1224
20.14
20.1535
20.1711
20.0645
20.0821
20.0956
20.1132
20.1266
20.14
20.1576
20.1711
20.1176
20.124
20.1311
20.1333
20.1356
20.1324
20.1669
20.1804
20.2567
20.1313
20.1719
20.1854
20.1315
20.151
20.1475
20.2768
20.1365
20.156
20.1486
20.1704
20.2744
20.172
20.1688
20.0622
20.0569
20.1898
20.0749
20.0842
20.1018
20.2058
20.3351
20.1043
20.2419
20.2319
20.1253
20.1429
20.1564
20.2286
20.2378
20.1354
20.273
20.1665
20.1841
20.0817
20.0993
20.2327
20.1262
20.1396
20.153
20.1665
20.1841
20.2017
20.0993
20.1169
20.1303
20.1438
20.1572
20.1706
20.1841
20.2017
20.2193
20.1169
20.1303
20.1479
20.1614
20.1748
20.1882
20.2017
20.2193
20.2369
20.1303
20.1479
20.1655
20.179
20.1924
20.2058
20.2193
20.2369
20.1303
20.1479
20.0455
20.0631
20.1966
20.21
20.2234
20.1169
20.1303
20.1479
20.1655
20.0631
20.0807
20.2142
20.2276
20.121
20.1345
20.1479
20.1655
20.1831
20.0807
20.0983
20.2318
20.1252
20.1386
20.1521
20.1655
20.1831
20.2007
20.0983
20.1159
20.1294
20.1428
20.1562
20.1697
20.1831
20.2007
20.2183
20.1159
20.1294
20.147
20.1604
20.1738
20.1873
20.2007
20.2183
20.2359
20.1294
20.147
20.1646
20.178
20.1914
20.2049
20.2183
20.2359
20.1294
20.147
20.0446
20.0622
20.1956
20.209
20.2225
20.1159
20.1294
20.147
20.1646
20.0622
20.0798
20.2132
20.2266
20.1201
20.1335
20.0686
20.0695
20.0766
20.0788
20.081
20.0833
20.1335
20.147
20.1556
20.058
20.0506
20.0682
20.1456
20.1548
20.1798
20.1932
20.0825
20.1598
20.0565
20.4341
20.3233
20.2807
20.1856
20.3149
20.2042
20.2135
20.1111
20.112
20.2496
20.2184
20.2277
20.237
20.1346
20.2639
20.121
20.1345
20.0279
20.1614
20.0548
20.2512
20.2646
20.1622
20.1798
20.1891
20.2067
20.2201
20.2377
20.1312
20.1488
20.1622
20.1798
20.1932
20.2067
20.2243
20.2377
20.1312
20.1488
20.1664
20.1798
20.1974
20.2108
20.2243
20.2419
20.1353
20.1488
20.1664
20.184
20.1974
20.215
20.2284
20.1219
20.1353
20.1529
20.1664
20.184
20.2016
20.215
20.2326
20.126
20.1395
20.1529
20.1705
20.184
20.2016
20.2192
20.2326
20.126
20.1436
20.1571
20.1705
20.1881
20.2016
20.2192
20.2368
20.1302
20.1436
20.1612
20.1747
20.1881
20.2057
20.2192
20.2368
20.1302
20.1478
20.1612
20.1788
20.1923
20.2057
20.2233
20.2368
20.1302
20.1478
20.1654
20.1788
20.1964
20.2099
20.2233
20.2409
20.1344
20.1478
20.1654
20.183
20.1964
20.214
20.2275
20.1209
20.1344
20.152
20.1654
20.183
20.2006
20.214
20.2316
20.1251
20.1385
20.152
20.1696
20.183
20.2006
20.2182
20.2316
20.1251
20.1427
20.1561
20.1696
20.1872
20.2006
20.2182
20.2358
20.1292
20.0329
20.143
20.15
20.1571
20.1593
20.1616
20.1148
20.0185
20.1241
20.1696
20.2302
20.2587
20.1569
20.1745
20.1152
20.1437
20.1578
20.1795
20.0605
20.0656
20.0791
20.1548
20.1724
20.3106
20.2124
20.2881
20.1815
20.1866
20.1959
20.0989
20.2276
20.1958
20.2009
20.2144
20.2326
20.246
20.2017
20.211
20.2286
20.1269
20.1403
20.1579
20.1713
20.3006
20.0741
20.0917
20.1093
20.1269
20.1445
20.1579
20.1713
20.0648
20.0782
20.0917
20.1093
20.1269
20.1445
20.1621
20.1755
20.0689
20.0824
20.0958
20.1093
20.1269
20.1445
20.1621
20.1797
20.0731
20.0865
20.1
20.1134
20.1269
20.1445
20.1621
20.1797
20.0731
20.0907
20.1041
20.1176
20.131
20.1445
20.1621
20.0555
20.0731
20.0907
20.1083
20.1217
20.1352
20.1486
20.1621
20.0555
20.0731
20.0907
20.1083
20.1259
20.1393
20.1528
20.1662
20.0597
20.0731
20.0907
20.1083
20.1259
20.1435
20.1569
20.1704
20.0638
20.0773
20.0907
20.1083
20.1259
20.1435
20.1611
20.1745
20.068
20.0814
20.0949
20.1083
20.1259
20.1435
20.1611
20.1787
20.0721
20.0856
20.099
20.1125
20.1259
20.1435
20.1611
20.1787
20.0721
20.0897
20.1032
20.1166
20.1301
20.1435
20.1611
20.0545
20.0721
20.0897
20.1073
20.1208
20.1342
20.1477
20.1611
20.0545
20.0721
20.0897
20.1073
20.1249
20.1432
20.1176
20.1246
20.1269
20.1291
20.1313
20.1051
20.1342
20.1477
20.2275
20.2253
20.1255
20.1389
20.2248
20.1093
20.1304
20.1439
20.142
20.2308
20.1076
20.1252
20.1457
20.1158
20.2367
20.366
20.1394
20.2758
20.1609
20.0544
20.0678
20.1496
20.1659
20.1752
20.1886
20.1462
20.1638
20.1773
20.1949
20.2083
20.1017
20.2393
20.1957
20.2091
20.2226
20.2402
20.1336
20.1471
20.1605
20.1739
20.1915
20.2091
20.2267
20.1202
20.1378
20.1512
20.1647
20.1781
20.1915
20.2091
20.2267
20.1202
20.1378
20.1554
20.1688
20.1823
20.1957
20.2091
20.2267
20.1202
20.1378
20.1554
20.173
20.1864
20.1999
20.2133
20.2267
20.1202
20.1378
20.1554
20.173
20.1906
20.204
20.2175
20.2309
20.1243
20.1378
20.1554
20.173
20.1906
20.2082
20.2216
20.2351
20.1285
20.1419
20.1554
20.173
20.1906
20.2082
20.2258
20.1192
20.1327
20.1461
20.1595
20.173
20.1906
20.2082
20.2258
20.1192
20.1368
20.1503
20.1637
20.1771
20.1906
20.2082
20.2258
20.1192
20.1368
20.1544
20.1679
20.1813
20.1947
20.2082
20.2258
20.1192
20.1368
20.1544
20.172
20.1855
20.1989
20.2123
20.2258
20.1192
20.1368
20.1544
20.172
20.1896
20.2031
20.2165
20.2299
20.1234
20.1368
20.1544
20.172
20.1896
20.2072
20.2207
20.2341
20.1275
20.141
20.1544
20.172
20.1397
20.1407
20.1477
20.1499
20.1522
20.1327
20.1679
20.1813
20.083
20.0923
20.2091
20.3021
20.0826
20.2215
20.21
20.183
20.1075
20.2264
20.3432
20.1125
20.221
20.2309
20.1113
20.2447
20.014
20.1361
20.137
20.1505
20.0439
20.0532
20.0376
20.0468
20.1606
20.294
20.1916
20.0809
20.1811
20.1987
20.2121
20.2297
20.1232
20.1954
20.2088
20.2264
20.1199
20.1333
20.1509
20.1643
20.1778
20.1954
20.213
20.2306
20.124
20.1416
20.1551
20.1685
20.1819
20.1954
20.213
20.2306
20.124
20.1416
20.1592
20.1727
20.1861
20.1995
20.213
20.2306
20.124
20.1416
20.1592
20.1768
20.1903
20.2037
20.2171
20.2306
20.124
20.1416
20.1592
20.1768
20.1944
20.2079
20.2213
20.2347
20.1282
20.1416
20.1592
20.1768
20.1944
20.212
20.2255
20.1189
20.1323
20.1458
20.1592
20.1768
20.1944
20.212
20.2296
20.1231
20.1365
20.1499
20.1634
20.1768
20.1944
20.212
20.2296
20.1231
20.1407
20.1541
20.1675
20.181
20.1944
20.212
20.2296
20.1231
20.1407
20.1583
20.1717
20.1851
20.1986
20.212
20.2296
20.1231
20.1407
20.1583
20.1759
20.1893
20.2027
20.2162
20.2296
20.1231
20.1407
20.1583
20.1759
20.1935
20.2069
20.2203
20.2338
20.1272
20.1407
20.1583
20.1759
20.1935
20.2111
20.2245
20.1179
20.1314
20.1448
20.1583
20.1144
20.1099
20.117
20.1192
20.1215
20.1176
20.1583
20.1717
20.0632
20.2075
20.2826
20.176
20.0286
20.2071
20.2093
20.4169
20.182
20.2079
20.2089
20.2223
20.187
20.188
20.1931
20.1982
20.2116
20.1929
20.1981
20.2115
20.2249
20.2342
20.2393
20.2486
20.2258
20.2351
20.0085
20.0261
20.0395
20.173
20.1656
20.1791
20.0725
20.0901
20.1035
20.1211
20.1387
20.1522
20.0456
20.0591
20.0725
20.0859
20.1035
20.1211
20.1387
20.1563
20.0498
20.0632
20.0767
20.0901
20.1035
20.1211
20.1387
20.1563
20.0498
20.0674
20.0808
20.0943
20.1077
20.1211
20.1387
20.0322
20.0498
20.0674
20.085
20.0984
20.1119
20.1253
20.1387
20.0322
20.0498
20.0674
20.085
20.1026
20.116
20.1295
20.1429
20.0363
20.0498
20.0674
20.085
20.1026
20.1202
20.1336
20.1471
20.0405
20.0539
20.0674
20.085
20.1026
20.1202
20.1378
20.1512
20.0447
20.0581
20.0715
20.085
20.1026
20.1202
20.1378
20.1554
20.0488
20.0623
20.0757
20.0891
20.1026
20.1202
20.1378
20.1554
20.0488
20.0664
20.0799
20.0933
20.1067
20.1202
20.1378
20.1554
20.0488
20.0664
20.084
20.0975
20.1109
20.1243
20.1378
20.0312
20.0488
20.0664
20.084
20.1016
20.1151
20.1285
20.1419
20.0354
20.0488
20.0664
20.084
20.1016
20.1192
20.1327
20.1461
20.0395
20.053
20.1135
20.1035
20.1106
20.1128
20.1151
20.1167
20.0427
20.0664
20.1364
20.2964
20.0656
20.3108
20.2042
20.2834
20.1769
20.1778
20.1913
20.154
20.1736
20.1787
20.1921
20.0778
20.1744
20.1837
20.1929
20.2105
20.1752
20.1887
20.2063
20.2197
20.1719
20.3095
20.2029
20.2205
20.1968
20.1903
20.2038
20.2214
20.2431
20.2524
20.2129
20.2264
20.3598
20.1291
20.1508
20.1643
20.1777
20.1953
20.2129
20.2264
20.1198
20.1332
20.1467
20.1643
20.1819
20.0795
20.0971
20.2305
20.124
20.1374
20.1508
20.1643
20.1819
20.1995
20.0971
20.1147
20.1281
20.1416
20.155
20.1684
20.1819
20.1995
20.2171
20.1147
20.1281
20.1457
20.1592
20.1726
20.186
20.1995
20.2171
20.2347
20.1281
20.1457
20.1633
20.1768
20.1902
20.2036
20.2171
20.2347
20.1281
20.1457
20.1633
20.0609
20.1944
20.2078
20.2212
20.2347
20.1281
20.1457
20.1633
20.0609
20.0785
20.212
20.2254
20.2388
20.1323
20.1457
20.1633
20.1809
20.0785
20.0961
20.2296
20.243
20.1364
20.1499
20.1633
20.1809
20.1985
20.0961
20.1137
20.1272
20.1406
20.154
20.1675
20.1809
20.1985
20.2161
20.1137
20.1272
20.1448
20.1582
20.1716
20.1851
20.1985
20.2161
20.2337
20.1272
20.1448
20.1624
20.1758
20.1892
20.2027
20.2161
20.2337
20.1272
20.1448
20.1624
20.06
20.1934
20.0977
20.1969
20.2033
20.0856
20.0878
20.09
20.0523
20.0868
20.1003
20.2248
20.1766
20.2118
20.2253
20.0995
20.104
20.2072
20.2261
20.2053
20.1007
20.1016
20.1192
20.2279
20.1223
20.2432
20.36
20.1293
20.1344
20.2637
20.273
20.0464
20.2553
20.2646
20.1622
20.2873
20.2644
20.042
20.0555
20.0689
20.2024
20.1
20.2292
20.1268
20.1444
20.1579
20.1755
20.0689
20.0824
20.1
20.1134
20.1268
20.1444
20.1579
20.1755
20.0689
20.0865
20.1
20.1176
20.131
20.1444
20.162
20.1755
20.0689
20.0865
20.1041
20.1176
20.1352
20.1486
20.162
20.1796
20.0731
20.0865
20.1041
20.1217
20.1352
20.1528
20.1662
20.1796
20.0731
20.0907
20.1041
20.1217
20.1393
20.1528
20.1704
20.1838
20.0772
20.0907
20.1083
20.1217
20.1393
20.1569
20.1704
20.0638
20.0814
20.0948
20.1083
20.1259
20.1393
20.1569
20.1745
20.068
20.0814
20.099
20.1124
20.1259
20.1435
20.1569
20.1745
20.068
20.0856
20.099
20.1166
20.13
20.1435
20.1611
20.1745
20.068
20.0856
20.1032
20.1166
20.1342
20.1476
20.1611
20.1787
20.0721
20.0856
20.1032
20.1208
20.1342
20.1518
20.1652
20.1787
20.0721
20.0897
20.1032
20.1208
20.1384
20.1518
20.1694
20.1828
20.0763
20.0897
20.1073
20.1208
20.1384
20.156
20.1694
20.0628
20.0804
20.0939
20.1128
20.0859
20.2068
20.2139
20.0961
20.0984
20.1873
20.1073
20.1208
20.0668
20.0905
20.2317
20.3651
20.1822
20.2031
20.1999
20.1301
20.1722
20.208
20.2048
20.2183
20.2359
20.2041
20.3257
20.3391
20.2367
20.1183
20.1228
20.1321
20.1455
20.1268
20.132
20.1412
20.1547
20.0481
20.1328
20.2704
20.168
20.1856
20.1378
20.1512
20.1688
20.1781
20.1957
20.2091
20.2226
20.2402
20.2578
20.1512
20.1688
20.1864
20.1999
20.2133
20.2267
20.1202
20.1336
20.1512
20.1688
20.1864
20.204
20.2175
20.2309
20.1243
20.1378
20.1512
20.1688
20.1864
20.204
20.2216
20.2351
20.1285
20.1419
20.1554
20.1688
20.1864
20.204
20.2216
20.2392
20.1327
20.1461
20.1595
20.173
20.1864
20.204
